package utils.weights;

/**
 * Provides 100 pre-defined 4D normalized weight vectors drawn from a uniform distribution.
 *
 * @author MTomczyk
 */
public class Weights4D
{
    /**
     * Weight vectors.
     */
    public static final double[][] _data = new double[][]
            {
                    {0.15071724896777539, 0.014608132421315423, 0.03021734340050608, 0.8044572752104031},
                    {0.08604736131685709, 0.19030010276005094, 0.4544006793662091, 0.2692518565568829},
                    {0.1444978404687116, 0.6577680051035836, 0.07503366039026216, 0.12270049403744265},
                    {0.007868637324814354, 0.7349352249826071, 0.17091947829871468, 0.08627665939386386},
                    {0.11374688233772967, 0.7012050356809315, 0.05574395282253808, 0.12930412915880074},
                    {0.7130729878942585, 0.09649890003538808, 0.11334083096587133, 0.07708728110448204},
                    {0.5549963654246494, 0.2301434693602329, 0.1822412374780552, 0.03261892773706254},
                    {0.4068192901713782, 0.09916337096492844, 0.026765406462630592, 0.4672519324010628},
                    {0.008644160012891922, 0.7462455807916407, 0.10323393303641004, 0.14187632615905732},
                    {0.5861925324527847, 0.16259393559331192, 0.2104579375708696, 0.04075559438303378},
                    {0.23470503081925664, 0.38625538811751536, 0.18365042839157908, 0.1953891526716489},
                    {0.0011337332612453288, 0.04654328784307249, 0.7521098908255264, 0.2002130880701558},
                    {0.3009267642880745, 0.1926581032134559, 0.16888496148166732, 0.33753017101680227},
                    {0.26377094256528144, 0.2531253887874708, 0.12385727372682387, 0.3592463949204239},
                    {0.008024450846062958, 0.26186223744580117, 0.45333845009663665, 0.2767748616114992},
                    {0.1666896053628636, 0.4447859354725108, 0.1364340045450948, 0.25209045461953083},
                    {0.18593503995478167, 0.006861800455720379, 0.02744453249640577, 0.7797586270930922},
                    {0.0878600937157803, 0.06792724165528763, 0.3143401858112297, 0.5298724788177024},
                    {0.26172220052090334, 0.29732812253558416, 0.0755713811884916, 0.3653782957550209},
                    {0.11813336654362927, 0.1270965401568398, 0.2127773525094212, 0.5419927407901097},
                    {0.5574027577783615, 0.036285894141142916, 0.396640563057742, 0.009670785022753647},
                    {0.30524015207289723, 0.253907946145701, 0.06603916186677594, 0.3748127399146258},
                    {0.05601316776942322, 0.2557658239220941, 0.6458138575599426, 0.04240715074854007},
                    {0.23153632030044202, 0.5268976748664173, 0.15663808059599138, 0.08492792423714934},
                    {0.22310312858181935, 0.3697519715892763, 0.04192934274881932, 0.365215557080085},
                    {0.41001059982282884, 0.13167006213856025, 0.026168182694287556, 0.43215115534432336},
                    {0.16293763320134302, 0.277117311645409, 0.12940618184292385, 0.43053887331032414},
                    {0.30010620704485436, 0.2858613584863189, 0.1439052480321189, 0.27012718643670786},
                    {0.2944218719870346, 0.27550093926661123, 0.27932825070993683, 0.1507489380364173},
                    {0.7306541452357038, 0.12934839280991306, 0.015253664232401931, 0.12474379772198119},
                    {0.01751511517114812, 0.24128789063749567, 0.19574211674446163, 0.5454548774468946},
                    {0.5012638264249767, 0.057536209467132116, 0.4077129652628445, 0.03348699884504669},
                    {0.06306099779579222, 0.8142910800358187, 0.09290461280488438, 0.029743309363504666},
                    {0.3865456302029574, 0.07802378597176385, 0.4297723884664397, 0.10565819535883902},
                    {0.3822505017740685, 0.31622295850808757, 0.2901911154914284, 0.011335424226415536},
                    {0.06671689818337256, 0.1175490823480334, 0.2620178840592863, 0.5537161354093078},
                    {0.44712910892389846, 0.2501726657538931, 0.25041116376671757, 0.0522870615554909},
                    {0.11991412924937539, 0.013944092202142766, 0.6362530484113664, 0.22988873013711542},
                    {0.36653259375254355, 0.5573376730497875, 0.01744524925597357, 0.05868448394169534},
                    {0.3812258522472459, 0.011944849507606992, 0.4029462789456406, 0.20388301929950647},
                    {0.1937626787175446, 0.1252900532638226, 0.543032439819947, 0.13791482819868583},
                    {0.33286889540541853, 0.12435719194956152, 0.1233403619509903, 0.41943355069402966},
                    {0.012381704731844967, 0.6659738986755622, 0.2832054021430108, 0.03843899444958199},
                    {0.0540656657212738, 0.30293552684908354, 0.6188833397747247, 0.02411546765491801},
                    {0.016687894687135274, 0.37382650862388456, 0.5678156067659946, 0.04166998992298554},
                    {0.5444514577818769, 0.2422863413118277, 0.013334467299730646, 0.1999277336065648},
                    {0.5441434564810392, 0.17506088177875612, 0.17903318447749061, 0.10176247726271404},
                    {0.40711410155680894, 0.27166315045951184, 0.07745758785506374, 0.2437651601286155},
                    {0.3230632315195542, 0.6117460972501171, 0.0409450037153537, 0.024245667514975033},
                    {0.6961432671035734, 0.1701176980018575, 0.08600542299157421, 0.047733611902994855},
                    {0.006625992452421792, 0.08748705312039384, 0.4971810032797426, 0.4087059511474418},
                    {0.06597114477172095, 0.49441157575344974, 0.15809536445191097, 0.28152191502291835},
                    {0.11798299500753584, 0.005238422495567718, 0.15333740933974027, 0.7234411731571562},
                    {0.4088114017749267, 0.25992331480959396, 0.006785279269880151, 0.3244800041455992},
                    {0.08186984490187854, 0.7995488982601657, 0.02933261487669614, 0.08924864196125959},
                    {0.6110630453944171, 0.010067389843249175, 0.3118000179776289, 0.06706954678470478},
                    {0.30957015671806676, 0.5603464254057521, 0.07767319855937338, 0.05241021931680778},
                    {0.3161458183486442, 0.34661806468704925, 1.5705724661341236E-4, 0.33707905971769314},
                    {0.07382062975766168, 0.3717454437604534, 0.2830750806484482, 0.2713588458334367},
                    {0.03018004188121126, 0.9036318396303274, 0.018985925875857013, 0.04720219261260428},
                    {0.16059558810022478, 0.6319436426706563, 0.14769069508048338, 0.059770074148635555},
                    {0.012795932434869539, 0.25368260218095884, 0.017296992777820708, 0.7162244726063509},
                    {0.2530265578666204, 0.25019247955301815, 0.20588756640096584, 0.2908933961793956},
                    {0.2464243582542317, 0.25878033944580503, 0.3110320562466773, 0.18376324605328598},
                    {0.40861859845222104, 0.12495333335686087, 0.22035873977179232, 0.24606932841912577},
                    {0.03716051932227715, 0.16104220413900072, 0.20698283877240709, 0.594814437766315},
                    {0.3401777830282269, 0.3290069941880224, 0.02238577390126273, 0.308429448882488},
                    {0.030697732674852984, 0.43560687841746504, 0.2153413011634795, 0.3183540877442025},
                    {0.07054150948655702, 0.7868202316212352, 0.10023784007951086, 0.04240041881269696},
                    {0.33862388159943546, 0.06569303349326161, 0.28834814946403386, 0.30733493544326906},
                    {0.19872942144519112, 0.13286414373690902, 0.10391602858408, 0.5644904062338199},
                    {0.019613394986352284, 0.03374003026721695, 0.6643132743760878, 0.282333300370343},
                    {0.18773935310494982, 0.4984865876516782, 0.04481424017513225, 0.26895981906823974},
                    {0.08986416146676501, 0.10195596758588266, 0.15104873129894214, 0.6571311396484102},
                    {0.25085939482788333, 0.1377359542130615, 0.1905885321138956, 0.42081611884515957},
                    {0.09430478550962362, 0.8571666506418516, 0.02405207760406347, 0.024476486244461304},
                    {0.02262077525557793, 0.6074100498010568, 0.282735044796661, 0.08723413014670423},
                    {0.08010529944792177, 0.6215828152978223, 0.15448058799455666, 0.14383129725969923},
                    {0.03381115908681631, 0.04514015023783369, 0.5663209621325463, 0.35472772854280366},
                    {0.05700695441334913, 0.20605007907721873, 0.24956924507130274, 0.4873737214381294},
                    {0.20994716626525167, 0.09196978025929592, 0.6649462715680288, 0.03313678190742364},
                    {0.024558104859105034, 0.5862089942424065, 0.27749406535559484, 0.11173883554289366},
                    {0.17845930269830745, 0.4233550785861645, 0.058392097999871884, 0.33979352071565616},
                    {0.14873981863191654, 0.1638123288403378, 0.07483000463655765, 0.612617847891188},
                    {0.5463032916757311, 0.009574887632045948, 0.3136683507374771, 0.13045346995474583},
                    {0.05706685800774236, 0.18237688709544453, 0.5702574717972465, 0.1902987830995666},
                    {0.1521105518214948, 0.7380526199756149, 0.07427431419975461, 0.0355625140031357},
                    {0.41226496835675375, 0.011015252782950236, 0.4617153084081146, 0.11500447045218143},
                    {0.15834973146020304, 0.12233212852559361, 0.5575973286174727, 0.16172081139673067},
                    {0.23723386396737134, 0.031145809095317945, 0.10726489369938974, 0.624355433237921},
                    {0.0017826406940806283, 0.06873279081446493, 0.18579522627214584, 0.7436893422193086},
                    {0.791810936461462, 6.237474836915391E-4, 0.1303092828087281, 0.0772560332461184},
                    {0.27960415760846213, 0.15584065264961755, 0.15400971935021324, 0.4105454703917071},
                    {0.12745679239582952, 0.8155244697772832, 0.03514173705041057, 0.021877000776476696},
                    {0.17854194652944488, 0.06935248263022198, 0.6963570119118696, 0.05574855892846353},
                    {0.04819812205175422, 0.7653530864998049, 0.10457732205021131, 0.08187146939822953},
                    {0.6038043902286524, 0.08984203287437753, 0.19356747692125298, 0.11278609997571709},
                    {0.18570003216194064, 0.19331654803714193, 0.39493742848704316, 0.22604599131387426},
                    {0.04724290107149054, 0.4148587577474405, 0.3105052143019701, 0.22739312687909885},
                    {0.7115868482797499, 0.05868726238363553, 0.053256592801407376, 0.17646929653520715}
            };
}
