package utils.weights;

/**
 * Provides 100 pre-defined 8D normalized weight vectors drawn from a uniform distribution.
 *
 * @author MTomczyk
 */
public class Weights8D
{
    /**
     * Weight vectors.
     */
    public static final double[][] _data = new double[][]
            {
                    {0.08604736131685709, 0.05845047915185453, 0.006219408499063772, 0.014608132421315423, 0.03021734340050608, 0.08080473928731113, 0.4544006793662091, 0.2692518565568829},
                    {0.007868637324814354, 0.10587824501291532, 0.6290569799696918, 0.05946198326487373, 0.06843002526890407, 0.006603635121358087, 0.03642383464357879, 0.08627665939386386},
                    {0.5549963654246494, 0.15807662246960918, 0.0720668468906237, 0.024432053144764376, 0.005380030089014554, 0.10796080087685678, 0.0444683533674195, 0.03261892773706254},
                    {0.008644160012891922, 0.39817513015848627, 0.09916337096492844, 0.026765406462630592, 0.21603840044715938, 0.006103272758436029, 0.10323393303641004, 0.14187632615905732},
                    {0.04767702110431782, 0.18702800971493883, 0.35148750163352804, 0.03476788648398732, 0.17882649299307218, 0.004823935398506896, 0.15463355828861514, 0.04075559438303378},
                    {0.0011337332612453288, 0.2626372093040361, 0.03715582172279308, 0.1926581032134559, 0.023311463851221847, 0.12385727372682387, 0.0217162239036216, 0.33753017101680227},
                    {0.008024450846062958, 0.15866515451680063, 0.026107235047638455, 0.07708984788136208, 0.34158885254351024, 0.11174959755312641, 0.02468440699196839, 0.25209045461953083},
                    {0.0878600937157803, 0.06792724165528763, 0.03014770458371374, 0.03430633295212615, 0.04148082761399552, 0.20840532066139428, 0.08892280187418988, 0.4409496769435125},
                    {0.11813336654362927, 0.1270965401568398, 0.2127773525094212, 0.09939549856847119, 0.036285894141142916, 0.04093305232547473, 0.35570751073226725, 0.009670785022753647},
                    {0.05601316776942322, 0.1755231525310188, 0.07370383177245521, 0.006538839618620118, 0.24736910652708088, 0.06603916186677594, 0.33240558916608576, 0.04240715074854007},
                    {0.22310312858181935, 0.31857753337956973, 0.026168182694287556, 0.025006255515419018, 0.04192934274881932, 0.1236495522469443, 0.15663808059599138, 0.08492792423714934},
                    {0.16293763320134302, 0.13716857384351133, 0.10990439277797448, 0.03004434502392317, 0.12940618184292385, 0.016506438841497384, 0.1439052480321189, 0.27012718643670786},
                    {0.2588030058086438, 0.03561886617839083, 0.27550093926661123, 0.16073133398205797, 0.11859691672787886, 0.010751476082034195, 0.015253664232401931, 0.12474379772198119},
                    {0.01751511517114812, 0.045545882624644096, 0.3914841247573132, 0.04671870387187127, 0.057536209467132116, 0.31855204193950215, 0.08916092332334236, 0.03348699884504669},
                    {0.3822505017740685, 0.004295128428888906, 0.07802378597176385, 0.23390404410743482, 0.1958683443590049, 0.07591488599533436, 0.01840788513708913, 0.011335424226415536},
                    {0.06671689818337256, 0.06714132326814559, 0.050407759079887815, 0.2620178840592863, 8.452443332062076E-4, 0.2501726657538931, 0.25041116376671757, 0.0522870615554909},
                    {0.11991412924937539, 0.24661846450316816, 0.014693258494702377, 0.38888541761563866, 0.026005710837608942, 0.12775328610183756, 0.01744524925597357, 0.05868448394169534},
                    {0.1937626787175446, 0.1252900532638226, 0.013816163424051342, 0.060301806349434384, 0.06405538560012713, 0.1233403619509903, 0.2815187224953438, 0.13791482819868583},
                    {0.012381704731844967, 0.004306189955290307, 0.03737777103413853, 0.30293552684908354, 0.32135441083704985, 0.2832054021430108, 0.014323526794663977, 0.02411546765491801},
                    {0.39051440331101983, 0.1536290531700194, 3.0800130083763477E-4, 0.2422863413118277, 0.013334467299730646, 0.09816525634385076, 0.060092487339728495, 0.04166998992298554},
                    {0.3230632315195542, 0.08405087003725475, 0.27166315045951184, 0.040427086243474575, 0.03703050161158916, 0.17857448889828675, 0.0409450037153537, 0.024245667514975033},
                    {0.006625992452421792, 0.059345152319299155, 0.028141900801094688, 0.4971810032797426, 0.10484921825101523, 0.1701176980018575, 0.08600542299157421, 0.047733611902994855},
                    {0.11798299500753584, 0.005238422495567718, 0.15333740933974027, 0.13225257493208287, 0.151571318750244, 0.11513727532923013, 0.04295808912268084, 0.28152191502291835},
                    {0.08186984490187854, 0.5291932004925386, 0.010067389843249175, 0.04760428134685435, 0.2126840265775236, 0.02933261487669614, 0.02217909517655481, 0.06706954678470478},
                    {0.30957015671806676, 0.006575661630577434, 0.12942025516947087, 0.2171978095175784, 1.5705724661341236E-4, 0.20699564184151198, 0.07767319855937338, 0.05241021931680778},
                    {0.03018004188121126, 0.04364058787645042, 0.6548205244089016, 0.06389807660431779, 0.14127265074065765, 0.006418044339825735, 0.012567881536031278, 0.04720219261260428},
                    {0.012795932434869539, 0.14779965566535525, 0.09243096976639564, 0.01345197674920795, 0.017296992777820708, 0.2194435100259895, 0.20588756640096584, 0.2908933961793956},
                    {0.03716051932227715, 0.20926383893195455, 0.16219424019798934, 0.0965860992478157, 0.02836723410904518, 0.22035873977179232, 0.06230608236583979, 0.18376324605328598},
                    {0.19820272346127787, 0.141975059566949, 0.06500777920545808, 0.06111904885863306, 0.20288016612393123, 0.012461135039548266, 0.009924638861714463, 0.308429448882488},
                    {0.030697732674852984, 0.039843776811704035, 0.26808237211287844, 0.06569303349326161, 0.28834814946403386, 0.16469667655106124, 0.10023784007951086, 0.04240041881269696},
                    {0.019613394986352284, 0.03374003026721695, 0.1453759961916219, 0.13286414373690902, 0.10391602858408, 0.28215710586347686, 0.013373481302103252, 0.26895981906823974},
                    {0.08986416146676501, 0.09787519163818481, 0.004080775947697846, 0.05903926577523566, 0.09200946552370648, 0.04572648868935503, 0.2976305917156832, 0.313774059243372},
                    {0.02262077525557793, 0.0716840102540457, 0.4848790956452168, 0.05084694390179434, 0.282735044796661, 0.03870556629817945, 0.02405207760406347, 0.024476486244461304},
                    {0.03381115908681631, 0.04514015023783369, 0.0011539901232717753, 0.18295173404264609, 0.3822152379666285, 0.05641584328854776, 0.15448058799455666, 0.14383129725969923},
                    {0.024558104859105034, 0.0324488495542441, 0.15294021185190254, 0.09196978025929592, 0.210709332037323, 0.0981408205396409, 0.35609611899106486, 0.03313678190742364},
                    {0.14873981863191654, 0.02971948406639091, 0.1340928447739469, 0.07483000463655765, 0.21443222917565996, 0.058392097999871884, 0.2280546851727625, 0.11173883554289366},
                    {0.05706685800774236, 0.18237688709544453, 0.3068595465725442, 0.009574887632045948, 0.25382303759265634, 0.05984531314482078, 0.09489095595161012, 0.0355625140031357},
                    {0.1521105518214948, 0.0062391796387082366, 0.12233212852559361, 0.1315831083709571, 0.011015252782950236, 0.4617153084081146, 0.005167642249291116, 0.10983682820289031},
                    {0.0017826406940806283, 0.06873279081446493, 0.16671843245882578, 0.01907679381332006, 0.012069015281997886, 0.10726489369938974, 0.4626346218411903, 0.16172081139673067},
                    {0.27960415760846213, 0.15584065264961755, 0.15400971935021324, 0.20235640685316902, 6.237474836915391E-4, 0.1303092828087281, 0.02023729541923114, 0.05701873782688727},
                    {0.04819812205175422, 0.0792586703440753, 0.05108515413361536, 0.06935248263022198, 0.6702341014421036, 0.026122910469766003, 0.033871558151986836, 0.021877000776476696},
                    {0.18570003216194064, 0.19331654803714193, 0.22478781002956982, 0.08984203287437753, 0.08030758558309581, 0.03959719986543342, 0.07366269147272375, 0.11278609997571709},
                    {0.04724290107149054, 0.4148587577474405, 0.13888837020454725, 0.11059681925627163, 0.05868726238363553, 0.0023327624575156802, 0.050923830343891696, 0.17646929653520715},
                    {0.05373793964897988, 0.18833574418090104, 0.04103274110688149, 0.04620369228375032, 0.018730666014404984, 0.14370067232157946, 0.4021617943224861, 0.10609675012101671},
                    {0.2985839209787087, 0.10858199393651902, 0.12256706944737605, 0.055300255286763855, 0.0011502614535611189, 0.1445659882195348, 0.2183623180883284, 0.05088819258920807},
                    {0.1787415936369926, 0.0803877377169081, 0.16024683295345898, 0.0261711657025685, 0.19676963458234564, 0.05581708504386518, 0.059620134242436285, 0.2422458161214247},
                    {0.21572128312210437, 0.03186992698509017, 0.05937957549371087, 0.009042145903062515, 0.16522345509432723, 0.34707228055055783, 0.16629418076277225, 0.005397152088374768},
                    {0.2052988512593633, 0.05593263380300262, 0.05910836845041134, 0.11832655316224328, 0.25208662381689384, 0.01990328640336192, 0.17766400910300462, 0.11167967400171908},
                    {0.16620316875431196, 0.1686279221840542, 0.007427722505046419, 0.2104745780860281, 0.05185580047769167, 0.09828215180457378, 0.2752315472794805, 0.021897108908813356},
                    {0.09233139042304361, 0.034036961099644936, 0.13103305234715834, 0.04953000807148644, 0.09755754379883885, 0.05687126526907238, 0.012339826015102084, 0.5262999529756534},
                    {0.06854547332753114, 0.3820875574471203, 0.023010468940289797, 0.163470842760853, 0.007338022214145701, 0.22850654203365828, 0.09816524274705207, 0.02887585052934971},
                    {0.10119392457222465, 0.044993954468268815, 0.19609326876954747, 0.1352853656866394, 0.19580683344712257, 0.1648744872927811, 0.07340860279852279, 0.08834356296489321},
                    {0.12384919044751319, 0.06382219450145021, 0.08701240590137282, 0.12531588801698001, 0.01899949237021914, 0.018459200392641484, 0.04638246119156253, 0.5161591671782606},
                    {0.006539169171146497, 0.18896441513154394, 0.06427870542814829, 0.006878111238429185, 0.3371841625345008, 0.15939667961634052, 0.08792070627309623, 0.14883805060679456},
                    {0.11791179604535507, 0.027299886289211095, 0.12104909366553462, 0.09556421229457035, 0.2588418649020482, 0.2642302894753513, 0.08231551100057244, 0.032787346327356914},
                    {0.025158228207711075, 0.13955197767160388, 0.13938337832992498, 0.05211621318660553, 0.1160498915212469, 0.23324364244162132, 0.2257284389814238, 0.06876822965986251},
                    {0.30537178525372866, 0.08921597631519584, 0.15019552417887694, 0.10191692530733398, 0.06099854012644401, 0.2189815721247781, 0.0441161005648133, 0.02920357612882918},
                    {0.2969116945338427, 0.07335561605649155, 0.011397638925495501, 0.03527105107965778, 0.16004701020707246, 0.2306463188627459, 0.13009942669428043, 0.0622712436404137},
                    {0.09339679098881881, 0.034575984370705415, 0.21576937450922096, 0.012524371092793474, 0.07092430334977151, 0.2553719323951906, 0.29417502025475417, 0.023262223038745033},
                    {0.19411683300562166, 0.06851392339453755, 0.04465837905031245, 0.011392531067529688, 0.174190880594284, 0.20630196158160863, 0.03448998068992937, 0.26633551061617666},
                    {0.018106152041933332, 0.10221321796539196, 0.037094087310579615, 0.07246709654442107, 0.08817779311777563, 0.259810038134877, 0.3573707300292853, 0.06476088485573606},
                    {0.2121245120416274, 0.039067909429090886, 0.2245843104487505, 0.3840543032334459, 0.004943317988644447, 0.00899433653456072, 0.08789430369540141, 0.03833700662847872},
                    {0.19982759200657674, 0.27068494755031025, 0.17361074109446128, 0.04641754442825774, 0.10282309060971473, 0.0152676491454109, 0.11208733468196352, 0.07928110048330483},
                    {0.11992365043566677, 0.07907076173256422, 0.2350219586200033, 0.1401637189297119, 0.09879927915498632, 0.011541589889335957, 0.1458210059538918, 0.16965803528383971},
                    {0.29338822728863934, 0.008336700074722203, 0.10218825195482706, 0.2246197716388707, 0.13588199262419287, 0.08732836202329286, 0.11691935958897492, 0.031337334806480044},
                    {0.02182064043731735, 0.07767817081894124, 0.001008501196326228, 0.13613072384245228, 0.23528831339192524, 0.051608255479449805, 0.19273520775804376, 0.2837301870755441},
                    {0.019966870545306215, 0.08542096344767469, 0.09897652187696848, 0.31327056131794395, 0.14199110838374707, 0.05016660785936733, 0.08297015907844474, 0.20723720749054753},
                    {0.2585376885975049, 0.04736844851300892, 0.009025408685026881, 0.022827659994418603, 0.2740464190321078, 0.03563704214785113, 0.16530279256528724, 0.1872545404647945},
                    {0.229883928987763, 0.045516831693939275, 0.34817256216962933, 0.05399934827419017, 0.0647805796724189, 0.02088558148839459, 0.16775853154815923, 0.0690026361655055},
                    {0.5132420392204557, 0.15255835300660425, 0.033199179271624524, 0.08653739021489981, 0.07946929462714891, 0.011756609066908452, 0.030393980267339527, 0.09284315432501877},
                    {0.04990352813860566, 0.011067969615127127, 0.12751575158649897, 0.41126391480896884, 0.14087699315449076, 0.11303109209941176, 0.12674319266398637, 0.019597557932910514},
                    {0.23056532760167758, 0.06867471646099466, 0.032793022933661375, 0.03955679761738362, 0.005953859685327467, 0.2987775819515489, 0.19977185242417794, 0.12390684132522845},
                    {0.1778979685130898, 0.11242112585759023, 0.03959711341051697, 0.007374560095771088, 0.16841301781800522, 0.07770523921372352, 0.07501122093540191, 0.34157975415590125},
                    {0.03687910241056269, 0.010679608618301528, 0.026499594886348343, 0.04416654726382996, 0.14687623870596433, 0.324759655220741, 0.16218013629856243, 0.2479591165956897},
                    {0.017965581710711054, 0.03528824263802721, 0.2949300629708148, 0.28369107165651963, 0.02705748813003317, 0.05803340168477622, 0.2251255152388919, 0.057908635970226},
                    {0.11070447599242017, 0.030147093386377, 0.47868164041466277, 0.05729628320009217, 0.09361413564934129, 0.12277274228918056, 0.008949044909547843, 0.0978345841583782},
                    {0.18262259108044088, 0.38993579789484434, 0.059383537536054964, 0.05114928801642249, 0.08357437642286747, 0.06417768807176649, 0.10136440529060842, 0.06779231568699495},
                    {0.29084598288752406, 0.010966861739640898, 0.19064296044545737, 0.034264327263347716, 0.1386147253532568, 0.023393778209932825, 0.20995146267879505, 0.10131990142204528},
                    {0.0897713196333989, 0.06360065515875601, 0.21643565840584367, 0.03731601983451027, 0.30453049146035593, 0.060148799455618684, 0.09928413755465004, 0.12891291849686648},
                    {0.032035466830446224, 0.26857376722389714, 0.2544657348605043, 0.12937492507885018, 0.1100383612757504, 0.044016946026251724, 0.036077507771540396, 0.12541729093275966},
                    {0.029772198888639245, 0.10903321513609532, 0.04605854152253941, 0.12040066165289609, 0.09587362709123692, 0.13590280405007304, 0.03807320974199735, 0.4248857419165226},
                    {0.29150634763938, 0.11592016232890823, 0.032777920059802734, 0.11083878622299437, 0.05938348708985397, 0.12043988025496843, 0.1913111114083461, 0.07782230499574616},
                    {0.06062449268848258, 0.09864546702040067, 6.915318764290079E-4, 0.4675939427943714, 0.025619731332560014, 0.17648858039570914, 0.16967658359541093, 6.596702966362722E-4},
                    {0.09030595152961751, 0.154317089215792, 0.04123189355616974, 0.06338288388041113, 0.4909289803175103, 0.04767207367295356, 0.07709035912736917, 0.03507076870017656},
                    {0.07190143249592684, 0.10588168778032059, 0.2827118901591692, 0.04510651517219677, 0.14488876968891728, 0.1437913562672256, 0.011702882281993565, 0.19401546615425014},
                    {0.06736225856422484, 0.08187355036036359, 0.18005695406031108, 0.3388498227108958, 0.06950593676733607, 0.042930220001540786, 0.03324613586661296, 0.18617512166871486},
                    {0.037162522446626656, 0.09656339729881591, 0.04533176610870693, 0.0445321994849055, 0.16246431522910487, 0.3051868475695746, 0.15868458332129398, 0.15007436854097156},
                    {0.26610809053241735, 0.11801120526031528, 0.014929395294678516, 0.0024410039169130426, 0.20243927169583986, 0.20723461026989765, 0.17422350414750942, 0.014612918882428882},
                    {0.20221493752923825, 0.1333734727596928, 0.08841425473810316, 0.222904041834192, 0.06326483509375735, 0.08274466881061182, 0.19141613377223932, 0.01566765546216531},
                    {0.5008990920217601, 0.06415231577209801, 0.00861044262769739, 0.08554523424540827, 0.1605673110999556, 0.026728275011602354, 0.06893364110274036, 0.08456368811873793},
                    {0.10590890432688382, 0.1768964655976072, 0.189345350214015, 0.26004958835006375, 0.10692227507630958, 0.0427896488714995, 0.03224988755861935, 0.08583788000500181},
                    {0.13225825223387855, 0.11243781506273642, 0.15927468606159845, 0.18411047996469843, 0.08238995736398957, 0.11848584356080294, 0.022174676124804504, 0.18886828962749114},
                    {0.2129365503656785, 0.08761567701825457, 0.0035050873146423855, 0.19258038470250594, 0.06130964634743796, 0.11389181655525238, 0.022314282435934252, 0.30584655526029403},
                    {0.0012755160363550067, 0.3491252973367621, 0.0568164210282488, 2.09653157079992E-4, 0.003903470642046325, 0.20418938456417046, 0.11616222227494166, 0.26831803496039563},
                    {0.06702957154970945, 0.027496298173335765, 0.03174040371032283, 0.004350438150676594, 0.10567834599209136, 0.33480898690683736, 0.03546697153613754, 0.3934289839808891},
                    {0.17317733138819003, 0.03688987485956352, 0.024214520641442805, 0.0035461821526441284, 0.041565290631263685, 0.37054490901619686, 0.3486924666228688, 0.0013694246878301897},
                    {0.21736212436749647, 0.18618189936474494, 0.2690077937822233, 0.14199017489912968, 0.01461861722207125, 0.027359443252175653, 0.12223020503214688, 0.021249742080011846},
                    {0.11791227414953076, 0.2914918347896164, 0.03534302420626001, 0.33520564044665424, 0.12111645446059172, 0.041959408705001144, 0.05582859546253549, 0.001142767779810261},
                    {0.2051127980489479, 0.1274405888841066, 0.06738112983463884, 0.3851010582001776, 0.042739588618431634, 0.12600868994804804, 0.039470185830244864, 0.006745960635404558},
                    {0.5074349599728228, 0.02355391858774092, 0.013630370959897276, 0.15656537013828442, 9.307131469957763E-4, 0.1845273878898528, 0.055473862983474675, 0.0578834163209313}
            };
}
