package utils.weights;

/**
 * Provides 100 pre-defined 7D normalized weight vectors drawn from a uniform distribution.
 *
 * @author MTomczyk
 */
public class Weights7D
{
    /**
     * Weight vectors.
     */
    public static final double[][] _data = new double[][]
            {
                    {0.08604736131685709, 0.0646698876509183, 0.014608132421315423, 0.03021734340050608, 0.08080473928731113, 0.4544006793662091, 0.2692518565568829},
                    {0.007868637324814354, 0.13662920314389726, 0.5983060218387098, 0.05946198326487373, 0.07503366039026216, 0.03642383464357879, 0.08627665939386386},
                    {0.11374688233772967, 0.5993261055565289, 0.09649890003538808, 0.005380030089014554, 0.05574395282253808, 0.0522168480543187, 0.07708728110448204},
                    {0.4068192901713782, 0.09916337096492844, 0.026765406462630592, 0.022248297825712138, 0.2301434693602329, 0.1822412374780552, 0.03261892773706254},
                    {0.008644160012891922, 0.5775483724398928, 0.16259393559331192, 0.006103272758436029, 0.10323393303641004, 0.10112073177602354, 0.04075559438303378},
                    {0.0011337332612453288, 0.04654328784307249, 0.18702800971493883, 0.38625538811751536, 0.17882649299307218, 0.004823935398506896, 0.1953891526716489},
                    {0.26377094256528144, 0.03715582172279308, 0.1926581032134559, 0.023311463851221847, 0.12385727372682387, 0.0217162239036216, 0.33753017101680227},
                    {0.008024450846062958, 0.15866515451680063, 0.10319708292900054, 0.34158885254351024, 0.11174959755312641, 0.02468440699196839, 0.25209045461953083},
                    {0.0878600937157803, 0.06792724165528763, 0.03014770458371374, 0.006861800455720379, 0.02744453249640577, 0.2498861482753898, 0.5298724788177024},
                    {0.11813336654362927, 0.1270965401568398, 0.016492293820434267, 0.19628505868898694, 0.10104306384659723, 0.0755713811884916, 0.3653782957550209},
                    {0.30524015207289723, 0.2521626057054642, 0.0017453404402367756, 0.03454055370090614, 0.0314986081658698, 0.3651419548918722, 0.009670785022753647},
                    {0.05601316776942322, 0.1755231525310188, 0.08024267139107533, 0.4466550034753419, 0.15663808059599138, 0.042520773488609276, 0.04240715074854007},
                    {0.22310312858181935, 0.18690747124100948, 0.13167006213856025, 0.026168182694287556, 0.025006255515419018, 0.04192934274881932, 0.365215557080085},
                    {0.16293763320134302, 0.13716857384351133, 0.13994873780189765, 0.12940618184292385, 0.016506438841497384, 0.1439052480321189, 0.27012718643670786},
                    {0.2944218719870346, 0.27550093926661123, 0.16073133398205797, 0.11859691672787886, 0.010751476082034195, 0.015253664232401931, 0.12474379772198119},
                    {0.01751511517114812, 0.24128789063749567, 0.19574211674446163, 0.04671870387187127, 0.057536209467132116, 0.4077129652628445, 0.03348699884504669},
                    {0.06306099779579222, 0.3234846324071652, 0.07802378597176385, 0.4127826616568897, 0.01698972680955002, 0.07591488599533436, 0.029743309363504666},
                    {0.06671689818337256, 0.1175490823480334, 0.19798452124266253, 0.06403336281662375, 0.2521895956914638, 0.2901911154914284, 0.011335424226415536},
                    {0.11991412924937539, 0.013944092202142766, 0.3132708874723803, 0.2501726657538931, 0.07280949518509305, 0.17760166858162452, 0.0522870615554909},
                    {0.36653259375254355, 0.014693258494702377, 0.011944849507606992, 0.4029462789456406, 0.12775328610183756, 0.01744524925597357, 0.05868448394169534},
                    {0.1937626787175446, 0.1252900532638226, 0.013816163424051342, 0.12435719194956152, 0.1233403619509903, 0.2815187224953438, 0.13791482819868583},
                    {0.012381704731844967, 0.04168396098942884, 0.30293552684908354, 0.32135441083704985, 0.2832054021430108, 0.014323526794663977, 0.02411546765491801},
                    {0.016687894687135274, 0.37382650862388456, 0.15393705447085704, 0.2422863413118277, 0.013334467299730646, 0.15825774368357926, 0.04166998992298554},
                    {0.40711410155680894, 0.1370293549242303, 0.13463379553528154, 0.040427086243474575, 0.03703050161158916, 0.14200268286590145, 0.10176247726271404},
                    {0.3230632315195542, 0.37308003558401925, 0.1701176980018575, 0.06854836366424033, 0.01745705932733388, 0.02348794438801982, 0.024245667514975033},
                    {0.006625992452421792, 0.059345152319299155, 0.028141900801094688, 0.46626967495235505, 0.03091132832738752, 0.12718403612452345, 0.28152191502291835},
                    {0.11798299500753584, 0.005238422495567718, 0.15333740933974027, 0.13225257493208287, 0.25992331480959396, 0.006785279269880151, 0.3244800041455992},
                    {0.08186984490187854, 0.5291932004925386, 0.010067389843249175, 0.26028830792437796, 0.02933261487669614, 0.02217909517655481, 0.06706954678470478},
                    {0.30957015671806676, 0.006575661630577434, 0.34661806468704925, 1.5705724661341236E-4, 0.20699564184151198, 0.07767319855937338, 0.05241021931680778},
                    {0.03018004188121126, 0.04364058787645042, 0.3717454437604534, 0.2830750806484482, 0.20517072734497543, 0.018985925875857013, 0.04720219261260428},
                    {0.012795932434869539, 0.14779965566535525, 0.1058829465156036, 0.017296992777820708, 0.508763703377232, 0.14769069508048338, 0.059770074148635555},
                    {0.2464243582542317, 0.006602199612388726, 0.25019247955301815, 0.0019856602803981493, 0.2039019061205677, 0.1071301501261096, 0.18376324605328598},
                    {0.03716051932227715, 0.16104220413900072, 0.20698283877240709, 0.0034330362185360785, 0.12495333335686087, 0.22035873977179232, 0.24606932841912577},
                    {0.030697732674852984, 0.3094800503533739, 0.12612682806409115, 0.20288016612393123, 0.012461135039548266, 0.009924638861714463, 0.308429448882488},
                    {0.07054150948655702, 0.26808237211287844, 0.06569303349326161, 0.28834814946403386, 0.16469667655106124, 0.10023784007951086, 0.04240041881269696},
                    {0.019613394986352284, 0.03374003026721695, 0.1453759961916219, 0.13286414373690902, 0.10391602858408, 0.28215710586347686, 0.282333300370343},
                    {0.08986416146676501, 0.09787519163818481, 0.004080775947697846, 0.15104873129894214, 0.3433570804050382, 0.04481424017513225, 0.26895981906823974},
                    {0.09430478550962362, 0.1565546093182597, 0.1377359542130615, 0.1905885321138956, 0.3722875549966348, 0.02405207760406347, 0.024476486244461304},
                    {0.02262077525557793, 0.057484524192343844, 0.549925525608713, 0.07165728968910934, 0.15448058799455666, 0.056597167112995006, 0.08723413014670423},
                    {0.03381115908681631, 0.02319579532653282, 0.021944354911300867, 0.18410572416591786, 0.24956924507130274, 0.13264599289532575, 0.35472772854280366},
                    {0.024558104859105034, 0.18538906140614664, 0.09196978025929592, 0.3088501525769639, 0.27749406535559484, 0.07860205363547002, 0.03313678190742364},
                    {0.14873981863191654, 0.02971948406639091, 0.1340928447739469, 0.07483000463655765, 0.21443222917565996, 0.058392097999871884, 0.33979352071565616},
                    {0.05706685800774236, 0.18237688709544453, 0.3068595465725442, 0.009574887632045948, 0.25382303759265634, 0.05984531314482078, 0.13045346995474583},
                    {0.1521105518214948, 0.26015441653525895, 0.011015252782950236, 0.4617153084081146, 0.005167642249291116, 0.07427431419975461, 0.0355625140031357},
                    {0.15834973146020304, 0.0788841325071683, 0.031145809095317945, 0.012302186923107361, 0.09496270677628238, 0.4626346218411903, 0.16172081139673067},
                    {0.0017826406940806283, 0.06873279081446493, 0.18579522627214584, 0.5355002786807705, 6.237474836915391E-4, 0.1303092828087281, 0.0772560332461184},
                    {0.12745679239582952, 0.1521473652126326, 0.15584065264961755, 0.15400971935021324, 0.3535267325648198, 0.03514173705041057, 0.021877000776476696},
                    {0.04819812205175422, 0.13034382447769066, 0.06935248263022198, 0.5656567793918923, 0.10457732205021131, 0.026122910469766003, 0.05574855892846353},
                    {0.18570003216194064, 0.19331654803714193, 0.22478781002956982, 0.08984203287437753, 0.08030758558309581, 0.11325989133815717, 0.11278609997571709},
                    {0.04724290107149054, 0.4148587577474405, 0.24948518946081888, 0.05868726238363553, 0.0023327624575156802, 0.050923830343891696, 0.17646929653520715},
                    {0.05373793964897988, 0.22936848528778253, 0.04620369228375032, 0.018730666014404984, 0.2529492457885606, 0.292913220855505, 0.10609675012101671},
                    {0.24207368382988093, 0.05651023714882775, 0.10858199393651902, 0.08457554064126949, 0.03799152880610657, 0.056450516740324974, 0.4138164988970713},
                    {0.1787415936369926, 0.2668057363729356, 0.1394859096394394, 0.11310080998677141, 0.03261543968632452, 0.2183623180883284, 0.05088819258920807},
                    {0.21572128312210437, 0.04340804823179634, 0.056883600150067215, 0.10336323280339177, 0.22294080028491414, 0.11543721928630146, 0.2422458161214247},
                    {0.2052988512593633, 0.042292358847831224, 0.05937957549371087, 0.17426560099738975, 0.34707228055055783, 0.16629418076277225, 0.005397152088374768},
                    {0.26123148506236593, 0.05910836845041134, 0.11832655316224328, 0.25208662381689384, 0.01990328640336192, 0.17766400910300462, 0.11167967400171908},
                    {0.16620316875431196, 0.17605564468910062, 0.2104745780860281, 0.05185580047769167, 0.09828215180457378, 0.2752315472794805, 0.021897108908813356},
                    {0.09233139042304361, 0.034036961099644936, 0.13103305234715834, 0.07742968706851927, 0.06965786480180602, 0.06921109128417446, 0.5262999529756534},
                    {0.06854547332753114, 0.2383859386138022, 0.1437016188333181, 0.01072719023459312, 0.18309214368069537, 0.32667178478071035, 0.02887585052934971},
                    {0.34228114781004093, 0.1313623519049003, 0.163470842760853, 0.20113349176078976, 0.034711072487014216, 0.03869753031150858, 0.08834356296489321},
                    {0.10119392457222465, 0.044993954468268815, 0.2912704925896834, 0.040108141866503466, 0.006274319325059063, 0.1895325141220635, 0.3266266530561971},
                    {0.12384919044751319, 0.06382219450145021, 0.08701240590137282, 0.12531588801698001, 0.01899949237021914, 0.43216277815567006, 0.14883805060679456},
                    {0.006539169171146497, 0.18896441513154394, 0.06427870542814829, 0.006878111238429185, 0.3371841625345008, 0.15939667961634052, 0.23675875687989079},
                    {0.14521168233456616, 0.12104909366553462, 0.09556421229457035, 0.2588418649020482, 0.2642302894753513, 0.08231551100057244, 0.032787346327356914},
                    {0.025158228207711075, 0.09275356783764399, 0.18618178816388486, 0.16816610470785243, 0.23324364244162132, 0.2257284389814238, 0.06876822965986251},
                    {0.16471020587931495, 0.1406615793744137, 0.050838012142116806, 0.29049041365928996, 0.06099854012644401, 0.2189815721247781, 0.07331967669364248},
                    {0.38166494951582974, 0.012922812053094757, 0.15019552417887694, 0.03219972505475854, 0.3607457455570263, 0.03306766751158452, 0.02920357612882918},
                    {0.12797277535952423, 0.16893891917431847, 0.05935482642769596, 0.014000789628795585, 0.04666869000515328, 0.39069332906981835, 0.19237067033469413},
                    {0.09339679098881881, 0.25034535887992637, 0.08344867444256499, 0.06568172280097517, 0.18969020959421545, 0.29417502025475417, 0.023262223038745033},
                    {0.19411683300562166, 0.06851392339453755, 0.04465837905031245, 0.011392531067529688, 0.38049284217589263, 0.03448998068992937, 0.26633551061617666},
                    {0.018106152041933332, 0.10221321796539196, 0.037094087310579615, 0.07246709654442107, 0.08817779311777563, 0.259810038134877, 0.4221316148850214},
                    {0.2121245120416274, 0.039067909429090886, 0.6086386136821964, 0.004943317988644447, 0.0704647620027048, 0.026423878227257336, 0.03833700662847872},
                    {0.19982759200657674, 0.27068494755031025, 0.005264192362581799, 0.1683465487318795, 0.16450828418338337, 0.06513712484138823, 0.12623131032388013},
                    {0.6729793688729325, 0.011541589889335957, 0.00601986631733753, 0.10282309060971473, 0.03697804902683954, 0.09037693480053488, 0.07928110048330483},
                    {0.11992365043566677, 0.07907076173256422, 0.2350219586200033, 0.1401637189297119, 0.19023485386330596, 0.08732836202329286, 0.14825669439545497},
                    {0.2366380362950371, 0.056750190993602234, 0.008336700074722203, 0.10218825195482706, 0.2246197716388707, 0.34012971423646066, 0.031337334806480044},
                    {0.02182064043731735, 0.07767817081894124, 0.001008501196326228, 0.3714190372343775, 0.051608255479449805, 0.19273520775804376, 0.2837301870755441},
                    {0.019966870545306215, 0.08542096344767469, 0.09897652187696848, 0.31327056131794395, 0.1921577162431144, 0.08297015907844474, 0.20723720749054753},
                    {0.2585376885975049, 0.0563938571980358, 0.022827659994418603, 0.2740464190321078, 0.03563704214785113, 0.01218335860172215, 0.3403739744283596},
                    {0.229883928987763, 0.045516831693939275, 0.03050537642881157, 0.31766718574081776, 0.11877992794660908, 0.07039220873726482, 0.1872545404647945},
                    {0.66580039222706, 0.011772278898461774, 0.02142690037316275, 0.06423926078765074, 0.02229812942724907, 0.14546040212091016, 0.0690026361655055},
                    {0.060971497753732784, 0.12751575158649897, 0.324754789880224, 0.3517642171202775, 0.011756609066908452, 0.030393980267339527, 0.09284315432501877},
                    {0.04990352813860566, 0.18066179946307193, 0.369185836547523, 0.14087699315449076, 0.11303109209941176, 0.12674319266398637, 0.019597557932910514},
                    {0.29924004406267224, 0.032793022933661375, 0.03955679761738362, 0.005953859685327467, 0.2987775819515489, 0.19977185242417794, 0.12390684132522845},
                    {0.1778979685130898, 0.11242112585759023, 0.03959711341051697, 0.007374560095771088, 0.24611825703172874, 0.07501122093540191, 0.34157975415590125},
                    {0.03687910241056269, 0.010679608618301528, 0.21754238085614264, 0.24060269380996646, 0.08415696141077456, 0.16218013629856243, 0.2479591165956897},
                    {0.017965581710711054, 0.05609272420450151, 0.04416654726382996, 0.22995903414051055, 0.368781961471329, 0.2251255152388919, 0.057908635970226},
                    {0.053253824348738266, 0.057450651643681905, 0.5211704829836525, 0.02705748813003317, 0.017897045887446228, 0.2253359228480697, 0.0978345841583782},
                    {0.14085156937879717, 0.47868164041466277, 0.012408716717880242, 0.05114928801642249, 0.08735241411513073, 0.12277274228918056, 0.10678362906792604},
                    {0.18262259108044088, 0.10822339180708318, 0.28171240608776116, 0.19410720197534492, 0.06417768807176649, 0.10136440529060842, 0.06779231568699495},
                    {0.30181284462716496, 0.19064296044545737, 0.034264327263347716, 0.1386147253532568, 0.023393778209932825, 0.20995146267879505, 0.10131990142204528},
                    {0.0897713196333989, 0.06360065515875601, 0.21643565840584367, 0.03731601983451027, 0.30453049146035593, 0.15943293701026873, 0.12891291849686648},
                    {0.032035466830446224, 0.26857376722389714, 0.2544657348605043, 0.21672797503363583, 0.06670225734721646, 0.036077507771540396, 0.12541729093275966},
                    {0.029772198888639245, 0.10903321513609532, 0.04605854152253941, 0.35217709279420606, 0.1474088456522178, 0.1100383612757504, 0.20551174473055178},
                    {0.30526461720017006, 0.09587362709123692, 0.14990497195967833, 0.02407104183239206, 0.03531244525746191, 0.31175099166331455, 0.07782230499574616},
                    {0.15926995970888325, 0.13223638793049675, 0.11592016232890823, 0.032777920059802734, 0.1873510043515927, 0.10331114921622409, 0.2691334164040923},
                    {0.06062449268848258, 0.09933699889682968, 0.4932136741269314, 0.17648858039570914, 0.05817512606450148, 0.11150145753090945, 6.596702966362722E-4},
                    {0.09030595152961751, 0.154317089215792, 0.04123189355616974, 0.06338288388041113, 0.4909289803175103, 0.12476243280032273, 0.03507076870017656},
                    {0.07190143249592684, 0.10588168778032059, 0.2827118901591692, 0.18999528486111406, 0.1437913562672256, 0.011702882281993565, 0.19401546615425014},
                    {0.14923580892458843, 0.35636571668302497, 0.16254106008818192, 0.06950593676733607, 0.042930220001540786, 0.03324613586661296, 0.18617512166871486}
            };
}
