package utils.weights;

/**
 * Provides 100 pre-defined 6D normalized weight vectors drawn from a uniform distribution.
 *
 * @author MTomczyk
 */
public class Weights6D
{
    /**
     * Weight vectors.
     */
    public static final double[][] _data = new double[][]
            {
                    {0.08604736131685709, 0.0646698876509183, 0.014608132421315423, 0.03021734340050608, 0.08080473928731113, 0.723652535923092},
                    {0.1444978404687116, 0.5862503029744055, 0.012055718864304343, 0.05946198326487373, 0.07503366039026216, 0.12270049403744265},
                    {0.007868637324814354, 0.10587824501291532, 0.7012050356809315, 0.05574395282253808, 0.043027469764936876, 0.08627665939386386},
                    {0.5549963654246494, 0.15807662246960918, 0.0720668468906237, 0.024432053144764376, 0.11334083096587133, 0.07708728110448204},
                    {0.4068192901713782, 0.09916337096492844, 0.026765406462630592, 0.2221416732055954, 0.21249133145840482, 0.03261892773706254},
                    {0.008644160012891922, 0.5775483724398928, 0.16259393559331192, 0.10933720579484607, 0.10112073177602354, 0.04075559438303378},
                    {0.04767702110431782, 0.18702800971493883, 0.38625538811751536, 0.17882649299307218, 0.004823935398506896, 0.1953891526716489},
                    {0.0011337332612453288, 0.2626372093040361, 0.03715582172279308, 0.1926581032134559, 0.16888496148166732, 0.33753017101680227},
                    {0.008024450846062958, 0.26186223744580117, 0.24700964306088813, 0.12385727372682387, 0.08247153330892465, 0.2767748616114992},
                    {0.1666896053628636, 0.026107235047638455, 0.02744453249640577, 0.39123416792846655, 0.1364340045450948, 0.25209045461953083},
                    {0.0878600937157803, 0.06792724165528763, 0.03014770458371374, 0.28419248122751595, 0.08892280187418988, 0.4409496769435125},
                    {0.11813336654362927, 0.1270965401568398, 0.016492293820434267, 0.19628505868898694, 0.17661444503508883, 0.3653782957550209},
                    {0.30524015207289723, 0.2521626057054642, 0.0017453404402367756, 0.03454055370090614, 0.396640563057742, 0.009670785022753647},
                    {0.05601316776942322, 0.1755231525310188, 0.08024267139107533, 0.3134082683938568, 0.33240558916608576, 0.04240715074854007},
                    {0.22310312858181935, 0.3697519715892763, 0.04192934274881932, 0.1236495522469443, 0.15663808059599138, 0.08492792423714934},
                    {0.16293763320134302, 0.2470729666214858, 0.03004434502392317, 0.10162571711463708, 0.026168182694287556, 0.43215115534432336},
                    {0.2944218719870346, 0.005684335057819734, 0.2693549196448215, 0.016506438841497384, 0.1439052480321189, 0.27012718643670786},
                    {0.5699228112536459, 0.16073133398205797, 0.11859691672787886, 0.010751476082034195, 0.015253664232401931, 0.12474379772198119},
                    {0.01751511517114812, 0.24128789063749567, 0.19574211674446163, 0.10425491333900339, 0.4077129652628445, 0.03348699884504669},
                    {0.06306099779579222, 0.40150841837892903, 0.03669441025025544, 0.37608825140663427, 0.09290461280488438, 0.029743309363504666},
                    {0.3822505017740685, 0.004295128428888906, 0.31192783007919866, 0.1958683443590049, 0.09432277113242349, 0.011335424226415536},
                    {0.06671689818337256, 0.1175490823480334, 0.2620178840592863, 0.2510179100870993, 0.25041116376671757, 0.0522870615554909},
                    {0.11991412924937539, 0.013944092202142766, 0.3132708874723803, 0.32298216093898613, 0.17120424619542007, 0.05868448394169534},
                    {0.36653259375254355, 0.014693258494702377, 0.011944849507606992, 0.4029462789456406, 0.12775328610183756, 0.07612973319766891},
                    {0.1937626787175446, 0.1252900532638226, 0.013816163424051342, 0.24769755390055181, 0.2815187224953438, 0.13791482819868583},
                    {0.012381704731844967, 0.04168396098942884, 0.40316042163370625, 0.22112951605242714, 0.2832054021430108, 0.03843899444958199},
                    {0.016687894687135274, 0.34031329788322207, 0.03351321074066249, 0.5678156067659946, 0.01755452226806753, 0.02411546765491801},
                    {0.5441434564810392, 3.0800130083763477E-4, 0.2422863413118277, 0.013334467299730646, 0.09816525634385076, 0.10176247726271404},
                    {0.40711410155680894, 0.27166315045951184, 0.040427086243474575, 0.03703050161158916, 0.17857448889828675, 0.06519067123032873},
                    {0.3230632315195542, 0.37308003558401925, 0.1701176980018575, 0.08600542299157421, 0.02348794438801982, 0.024245667514975033},
                    {0.006625992452421792, 0.059345152319299155, 0.028141900801094688, 0.46626967495235505, 0.03091132832738752, 0.4087059511474418},
                    {0.11798299500753584, 0.005238422495567718, 0.15333740933974027, 0.13225257493208287, 0.30966668320215496, 0.28152191502291835},
                    {0.08186984490187854, 0.5868648716826421, 0.006785279269880151, 0.20589874730764346, 0.02933261487669614, 0.08924864196125959},
                    {0.30957015671806676, 0.3014928886763504, 0.010067389843249175, 0.3118000179776289, 0.014659327467896999, 0.05241021931680778},
                    {0.3161458183486442, 0.12942025516947087, 0.2171978095175784, 1.5705724661341236E-4, 0.20699564184151198, 0.13008341787618116},
                    {0.03018004188121126, 0.04364058787645042, 0.6548205244089016, 0.20517072734497543, 0.018985925875857013, 0.04720219261260428},
                    {0.012795932434869539, 0.14779965566535525, 0.1058829465156036, 0.5260606961550527, 0.14769069508048338, 0.059770074148635555},
                    {0.2464243582542317, 0.006602199612388726, 0.030748969527028658, 0.2194435100259895, 0.20588756640096584, 0.2908933961793956},
                    {0.40861859845222104, 0.0965860992478157, 0.02836723410904518, 0.22035873977179232, 0.06230608236583979, 0.18376324605328598},
                    {0.03716051932227715, 0.16104220413900072, 0.141975059566949, 0.06500777920545808, 0.286384988883827, 0.308429448882488},
                    {0.030697732674852984, 0.43560687841746504, 0.20288016612393123, 0.012461135039548266, 0.17571582885199466, 0.14263825889220783},
                    {0.07054150948655702, 0.26808237211287844, 0.06569303349326161, 0.28834814946403386, 0.2649345166305721, 0.04240041881269696},
                    {0.05335342525356923, 0.1453759961916219, 0.13286414373690902, 0.10391602858408, 0.28215710586347686, 0.282333300370343},
                    {0.019613394986352284, 0.07025076648041273, 0.09787519163818481, 0.4984865876516782, 0.04481424017513225, 0.26895981906823974},
                    {0.19182012905264767, 0.05903926577523566, 0.09200946552370648, 0.04572648868935503, 0.1905885321138956, 0.42081611884515957},
                    {0.02262077525557793, 0.0716840102540457, 0.8184610843436722, 0.03870556629817945, 0.02405207760406347, 0.024476486244461304},
                    {0.07895130932465, 0.0011539901232717753, 0.549925525608713, 0.07165728968910934, 0.15448058799455666, 0.14383129725969923},
                    {0.03381115908681631, 0.02319579532653282, 0.20605007907721873, 0.24956924507130274, 0.13264599289532575, 0.35472772854280366},
                    {0.024558104859105034, 0.18538906140614664, 0.09196978025929592, 0.3088501525769639, 0.35609611899106486, 0.03313678190742364},
                    {0.17845930269830745, 0.20892284941050454, 0.21443222917565996, 0.058392097999871884, 0.2280546851727625, 0.11173883554289366},
                    {0.14873981863191654, 0.1638123288403378, 0.23375114420347676, 0.009574887632045948, 0.3136683507374771, 0.13045346995474583},
                    {0.05706685800774236, 0.18237688709544453, 0.5702574717972465, 0.08046195489667629, 0.07427431419975461, 0.0355625140031357},
                    {0.1521105518214948, 0.0062391796387082366, 0.2539152368965507, 0.011015252782950236, 0.4617153084081146, 0.11500447045218143},
                    {0.23723386396737134, 0.031145809095317945, 0.012302186923107361, 0.09496270677628238, 0.4626346218411903, 0.16172081139673067},
                    {0.0017826406940806283, 0.06873279081446493, 0.18579522627214584, 0.5355002786807705, 0.13093303029241965, 0.0772560332461184},
                    {0.27960415760846213, 0.15584065264961755, 0.15400971935021324, 0.20298015433686056, 0.15054657822795925, 0.05701873782688727},
                    {0.12745679239582952, 0.05108515413361536, 0.06935248263022198, 0.6963570119118696, 0.033871558151986836, 0.021877000776476696},
                    {0.04819812205175422, 0.5556062681768982, 0.08984203287437753, 0.11990478544852923, 0.10457732205021131, 0.08187146939822953},
                    {0.04724290107149054, 0.1384571310904501, 0.19331654803714193, 0.39493742848704316, 0.11325989133815717, 0.11278609997571709},
                    {0.46210165881893106, 0.24948518946081888, 0.05868726238363553, 0.0023327624575156802, 0.050923830343891696, 0.17646929653520715},
                    {0.05373793964897988, 0.27557217757153285, 0.018730666014404984, 0.2529492457885606, 0.292913220855505, 0.10609675012101671},
                    {0.24207368382988093, 0.04103274110688149, 0.01547749604194626, 0.10858199393651902, 0.08457554064126949, 0.5082585444435028},
                    {0.5297329843626037, 0.055300255286763855, 0.0011502614535611189, 0.1445659882195348, 0.2183623180883284, 0.05088819258920807},
                    {0.1787415936369926, 0.2668057363729356, 0.19676963458234564, 0.05581708504386518, 0.059620134242436285, 0.2422458161214247},
                    {0.21572128312210437, 0.03186992698509017, 0.011538121246706168, 0.056883600150067215, 0.10336323280339177, 0.5806238356926403},
                    {0.2052988512593633, 0.10167193434154209, 0.17426560099738975, 0.34707228055055783, 0.16629418076277225, 0.005397152088374768},
                    {0.3203398535127773, 0.11832655316224328, 0.25208662381689384, 0.01990328640336192, 0.17766400910300462, 0.11167967400171908},
                    {0.16620316875431196, 0.09502831630805397, 0.08102732838104665, 0.2104745780860281, 0.05185580047769167, 0.39541080799286765},
                    {0.12636835152268855, 0.2084627394156776, 0.1388689560859805, 0.22917129678735948, 0.2752315472794805, 0.021897108908813356},
                    {0.09233139042304361, 0.16507001344680328, 0.04953000807148644, 0.09755754379883885, 0.05687126526907238, 0.5386397789907554},
                    {0.06854547332753114, 0.3820875574471203, 0.1938193339152885, 0.22850654203365828, 0.09816524274705207, 0.02887585052934971},
                    {0.34228114781004093, 0.1313623519049003, 0.163470842760853, 0.20113349176078976, 0.07340860279852279, 0.08834356296489321},
                    {0.10119392457222465, 0.044993954468268815, 0.33137863445618687, 0.006274319325059063, 0.1895325141220635, 0.3266266530561971},
                    {0.12384919044751319, 0.06382219450145021, 0.08701240590137282, 0.12531588801698001, 0.037458692762860624, 0.5625416283698231},
                    {0.006539169171146497, 0.4124600020663889, 0.1848453922662333, 0.15939667961634052, 0.08792070627309623, 0.14883805060679456},
                    {0.14521168233456616, 0.050291901968124275, 0.06427870542814829, 0.006878111238429185, 0.7005522527033752, 0.032787346327356914},
                    {0.11791179604535507, 0.14834897995474572, 0.09556421229457035, 0.2588418649020482, 0.2642302894753513, 0.11510285732792935},
                    {0.025158228207711075, 0.27893535600152886, 0.16816610470785243, 0.23324364244162132, 0.2257284389814238, 0.06876822965986251},
                    {0.16471020587931495, 0.1406615793744137, 0.050838012142116806, 0.35148895378573397, 0.2189815721247781, 0.07331967669364248},
                    {0.3945877615689245, 0.15019552417887694, 0.03219972505475854, 0.06971720025257544, 0.3240962128160354, 0.02920357612882918},
                    {0.2969116945338427, 0.08475325498198705, 0.03527105107965778, 0.39069332906981835, 0.13009942669428043, 0.0622712436404137},
                    {0.12797277535952423, 0.21576937450922096, 0.012524371092793474, 0.014000789628795585, 0.05692351372097593, 0.5728091756886898},
                    {0.09339679098881881, 0.22528487552918253, 0.174190880594284, 0.18969020959421545, 0.29417502025475417, 0.023262223038745033},
                    {0.19411683300562166, 0.06851392339453755, 0.04465837905031245, 0.3918853732434223, 0.03448998068992937, 0.26633551061617666},
                    {0.018106152041933332, 0.10221321796539196, 0.037094087310579615, 0.07246709654442107, 0.34798783125265265, 0.4221316148850214},
                    {0.2121245120416274, 0.039067909429090886, 0.0668659255093833, 0.6171807681641623, 0.026423878227257336, 0.03833700662847872},
                    {0.4757767319194688, 0.1683465487318795, 0.21570775450156643, 0.004943317988644447, 0.00899433653456072, 0.12623131032388013},
                    {0.19982759200657674, 0.27068494755031025, 0.22002828552271902, 0.11809073975512563, 0.11208733468196352, 0.07928110048330483},
                    {0.11992365043566677, 0.5530557184372658, 0.011541589889335957, 0.10884295692705226, 0.03697804902683954, 0.16965803528383971},
                    {0.198994412168231, 0.2350219586200033, 0.1401637189297119, 0.19023485386330596, 0.08732836202329286, 0.14825669439545497},
                    {0.29338822728863934, 0.008336700074722203, 0.10218825195482706, 0.2246197716388707, 0.34012971423646066, 0.031337334806480044},
                    {0.09949881125625859, 0.001008501196326228, 0.13613072384245228, 0.23528831339192524, 0.24434346323749356, 0.2837301870755441},
                    {0.02182064043731735, 0.08356719355566355, 0.09897652187696848, 0.31917024929646276, 0.1862580282645956, 0.29020736656899226},
                    {0.019966870545306215, 0.3177923352446531, 0.179875711397934, 0.14199110838374707, 0.13313676693781207, 0.20723720749054753},
                    {0.2585376885975049, 0.0563938571980358, 0.2968740790265264, 0.03563704214785113, 0.16530279256528724, 0.1872545404647945},
                    {0.229883928987763, 0.045516831693939275, 0.03050537642881157, 0.31766718574081776, 0.11877992794660908, 0.2576467492020593},
                    {0.66580039222706, 0.011772278898461774, 0.02142690037316275, 0.06423926078765074, 0.16775853154815923, 0.0690026361655055},
                    {0.5132420392204557, 0.2722949224931286, 0.07946929462714891, 0.011756609066908452, 0.030393980267339527, 0.09284315432501877},
                    {0.060971497753732784, 0.12751575158649897, 0.5521409079634596, 0.11303109209941176, 0.12674319266398637, 0.019597557932910514},
                    {0.04990352813860566, 0.18066179946307193, 0.06867471646099466, 0.30051112008652836, 0.07657014210139301, 0.3236786937494064}
            };
}
