package utils.weights;

/**
 * Provides 100 pre-defined 9D normalized weight vectors drawn from a uniform distribution.
 *
 * @author MTomczyk
 */
public class Weights9D
{
    /**
     * Weight vectors.
     */
    public static final double[][] _data = new double[][]
            {
                    {0.08604736131685709, 0.05845047915185453, 0.006219408499063772, 0.014608132421315423, 0.03021734340050608, 0.08080473928731113, 0.4544006793662091, 0.14655136251944023, 0.12270049403744265},
                    {0.007868637324814354, 0.10587824501291532, 0.6290569799696918, 0.05946198326487373, 0.007306042357351439, 0.005380030089014554, 0.05574395282253808, 0.043027469764936876, 0.08627665939386386},
                    {0.4068192901713782, 0.09916337096492844, 0.026765406462630592, 0.022248297825712138, 0.15807662246960918, 0.0720668468906237, 0.1377728841106357, 0.0444683533674195, 0.03261892773706254},
                    {0.008644160012891922, 0.5775483724398928, 0.03476788648398732, 0.1278260491093246, 0.006103272758436029, 0.04972110652381845, 0.053512826512591594, 0.10112073177602354, 0.04075559438303378},
                    {0.0011337332612453288, 0.04654328784307249, 0.18702800971493883, 0.029065911746024797, 0.03715582172279308, 0.1926581032134559, 0.16888496148166732, 0.13731708294664646, 0.2002130880701558},
                    {0.008024450846062958, 0.15866515451680063, 0.10319708292900054, 0.24700964306088813, 0.0945792094826221, 0.029278064244201762, 0.08247153330892465, 0.02468440699196839, 0.25209045461953083},
                    {0.0878600937157803, 0.06792724165528763, 0.03014770458371374, 0.006861800455720379, 0.02744453249640577, 0.04148082761399552, 0.20840532066139428, 0.08892280187418988, 0.4409496769435125},
                    {0.11813336654362927, 0.1270965401568398, 0.2127773525094212, 0.09939549856847119, 0.0017453404402367756, 0.03454055370090614, 0.04093305232547473, 0.35570751073226725, 0.009670785022753647},
                    {0.05601316776942322, 0.1755231525310188, 0.07370383177245521, 0.006538839618620118, 0.3134082683938568, 0.1332467350814851, 0.15663808059599138, 0.042520773488609276, 0.04240715074854007},
                    {0.16293763320134302, 0.06016549538047633, 0.18690747124100948, 0.03004434502392317, 0.10162571711463708, 0.026168182694287556, 0.025006255515419018, 0.04192934274881932, 0.365215557080085},
                    {0.2944218719870346, 0.005684335057819734, 0.2693549196448215, 4.616845639699996E-4, 0.016044754277527384, 0.1439052480321189, 0.11937824840029054, 0.026005140314436126, 0.12474379772198119},
                    {0.01751511517114812, 0.24128789063749567, 0.19574211674446163, 0.04671870387187127, 0.057536209467132116, 0.17185410934359502, 0.12934839280991306, 0.10651046310933643, 0.03348699884504669},
                    {0.06306099779579222, 0.3234846324071652, 0.07802378597176385, 0.23390404410743482, 0.1788786175494549, 0.01698972680955002, 0.07591488599533436, 0.01840788513708913, 0.011335424226415536},
                    {0.06671689818337256, 0.06714132326814559, 0.050407759079887815, 0.19798452124266253, 0.06403336281662375, 8.452443332062076E-4, 0.2501726657538931, 0.25041116376671757, 0.0522870615554909},
                    {0.11991412924937539, 0.24661846450316816, 0.014693258494702377, 0.011944849507606992, 0.37694056810803167, 0.026005710837608942, 0.12775328610183756, 0.01744524925597357, 0.05868448394169534},
                    {0.1937626787175446, 0.1252900532638226, 0.013816163424051342, 0.12435719194956152, 0.1233403619509903, 0.09778915410143685, 0.18372956839390697, 0.09947583374910385, 0.03843899444958199},
                    {0.012381704731844967, 0.004306189955290307, 0.03737777103413853, 0.30293552684908354, 0.03351321074066249, 0.4095578630824154, 0.15825774368357926, 0.01755452226806753, 0.02411546765491801},
                    {0.40711410155680894, 0.1370293549242303, 3.0800130083763477E-4, 0.1343257942344439, 0.040427086243474575, 0.03703050161158916, 0.030502959222320047, 0.1114997236435814, 0.10176247726271404},
                    {0.09411304557281563, 0.22895018594673855, 0.268230817333004, 0.10484921825101523, 0.1701176980018575, 0.06854836366424033, 0.01745705932733388, 0.02348794438801982, 0.024245667514975033},
                    {0.006625992452421792, 0.059345152319299155, 0.052011850235814894, 0.005238422495567718, 0.15333740933974027, 0.13225257493208287, 0.151571318750244, 0.15809536445191097, 0.28152191502291835},
                    {0.08186984490187854, 0.5291932004925386, 0.010067389843249175, 0.04760428134685435, 0.006785279269880151, 0.20589874730764346, 0.02933261487669614, 0.02217909517655481, 0.06706954678470478},
                    {0.07382062975766168, 0.23574952696040508, 0.006575661630577434, 0.12942025516947087, 0.2171978095175784, 1.5705724661341236E-4, 0.20699564184151198, 0.07767319855937338, 0.05241021931680778},
                    {0.03018004188121126, 0.13041554621901352, 0.1058829465156036, 0.4621626195507349, 0.06389807660431779, 0.14127265074065765, 0.006418044339825735, 0.012567881536031278, 0.04720219261260428},
                    {0.012795932434869539, 0.23362842581936216, 0.006602199612388726, 0.030748969527028658, 0.2194435100259895, 0.0019856602803981493, 0.2039019061205677, 0.1071301501261096, 0.18376324605328598},
                    {0.03716051932227715, 0.16104220413900072, 0.141975059566949, 0.06500777920545808, 0.0034330362185360785, 0.12495333335686087, 0.15799861930843007, 0.062360120463362256, 0.24606932841912577},
                    {0.030697732674852984, 0.039843776811704035, 0.26808237211287844, 0.12768072949288256, 0.20288016612393123, 0.012461135039548266, 0.17571582885199466, 0.10023784007951086, 0.04240041881269696},
                    {0.019613394986352284, 0.03374003026721695, 0.1453759961916219, 0.13286414373690902, 0.07272334991059692, 0.031192678673483076, 0.2571554707905508, 0.025001635072926076, 0.282333300370343},
                    {0.08986416146676501, 0.09787519163818481, 0.004080775947697846, 0.05903926577523566, 0.09200946552370648, 0.04572648868935503, 0.2976305917156832, 0.04481424017513225, 0.26895981906823974},
                    {0.02262077525557793, 0.0716840102540457, 0.4848790956452168, 0.05084694390179434, 0.226137877683666, 0.056597167112995006, 0.03870556629817945, 0.02405207760406347, 0.024476486244461304},
                    {0.03381115908681631, 0.02319579532653282, 0.021944354911300867, 0.0011539901232717753, 0.18295173404264609, 0.24956924507130274, 0.13264599289532575, 0.05641584328854776, 0.2983118852542559},
                    {0.024558104859105034, 0.15390119783920242, 0.03148786356694422, 0.09196978025929592, 0.3088501525769639, 0.04943938018283234, 0.2280546851727625, 0.07860205363547002, 0.03313678190742364},
                    {0.05706685800774236, 0.09167296062417418, 0.1638123288403378, 0.07483000463655765, 0.1589211395669191, 0.009574887632045948, 0.0459362019766949, 0.2677321487607822, 0.13045346995474583},
                    {0.1521105518214948, 0.08733319328169209, 0.17282122325356686, 0.011015252782950236, 0.3864209957607294, 0.07529431264738518, 0.005167642249291116, 0.07427431419975461, 0.0355625140031357},
                    {0.0017826406940806283, 0.1565670907661224, 0.0788841325071683, 0.01907679381332006, 0.012069015281997886, 0.012302186923107361, 0.09496270677628238, 0.4626346218411903, 0.16172081139673067},
                    {0.07051543150854556, 0.20908872609991658, 0.15584065264961755, 0.15400971935021324, 0.20235640685316902, 6.237474836915391E-4, 0.1303092828087281, 0.02023729541923114, 0.05701873782688727},
                    {0.04819812205175422, 0.0792586703440753, 0.05108515413361536, 0.06935248263022198, 0.5656567793918923, 0.10457732205021131, 0.026122910469766003, 0.033871558151986836, 0.021877000776476696},
                    {0.04724290107149054, 0.1384571310904501, 0.19331654803714193, 0.08308507861984848, 0.14170273140972134, 0.08984203287437753, 0.08030758558309581, 0.11325989133815717, 0.11278609997571709},
                    {0.05373793964897988, 0.27557217757153285, 0.2716799118029656, 0.11059681925627163, 0.05868726238363553, 0.0023327624575156802, 0.050923830343891696, 0.07037254641419044, 0.10609675012101671},
                    {0.24207368382988093, 0.04103274110688149, 0.01547749604194626, 0.049456862256209044, 0.05912513168030997, 0.08457554064126949, 0.03799152880610657, 0.056450516740324974, 0.4138164988970713},
                    {0.1787415936369926, 0.2668057363729356, 0.1394859096394394, 0.05728372494290623, 0.05581708504386518, 0.03261543968632452, 0.027004694556111764, 0.19135762353221664, 0.05088819258920807},
                    {0.21572128312210437, 0.03186992698509017, 0.011538121246706168, 0.056883600150067215, 0.10336323280339177, 0.06186022229093546, 0.34707228055055783, 0.16629418076277225, 0.005397152088374768},
                    {0.2052988512593633, 0.05593263380300262, 0.045739300538539474, 0.013369067911871868, 0.11832655316224328, 0.25208662381689384, 0.01990328640336192, 0.17766400910300462, 0.11167967400171908},
                    {0.16620316875431196, 0.1686279221840542, 0.007427722505046419, 0.13144123358093407, 0.07903334450509403, 0.05185580047769167, 0.09828215180457378, 0.2752315472794805, 0.021897108908813356},
                    {0.09233139042304361, 0.034036961099644936, 0.13103305234715834, 0.04953000807148644, 0.09755754379883885, 0.05687126526907238, 0.18309214368069537, 0.32667178478071035, 0.02887585052934971},
                    {0.06854547332753114, 0.2737356744825098, 0.10835188296461051, 0.023010468940289797, 0.163470842760853, 0.20113349176078976, 0.034711072487014216, 0.03869753031150858, 0.08834356296489321},
                    {0.10119392457222465, 0.022655265875288544, 0.02233868859298027, 0.12849591180984277, 0.16277458077984064, 0.040108141866503466, 0.006274319325059063, 0.1895325141220635, 0.3266266530561971},
                    {0.006539169171146497, 0.1811322157778169, 0.007832199353727032, 0.2044960945646258, 0.01899949237021914, 0.1848453922662333, 0.15939667961634052, 0.08792070627309623, 0.14883805060679456},
                    {0.14521168233456616, 0.11457060739627256, 0.006478486269262063, 3.9962496916712276E-4, 0.09516458732540323, 0.2588418649020482, 0.2642302894753513, 0.08231551100057244, 0.032787346327356914},
                    {0.025158228207711075, 0.09275356783764399, 0.046798409833959886, 0.13938337832992498, 0.05211621318660553, 0.1160498915212469, 0.23324364244162132, 0.2257284389814238, 0.06876822965986251},
                    {0.30537178525372866, 0.08921597631519584, 0.15019552417887694, 0.03219972505475854, 0.06971720025257544, 0.06099854012644401, 0.2189815721247781, 0.0441161005648133, 0.02920357612882918},
                    {0.12797277535952423, 0.16893891917431847, 0.05935482642769596, 0.014000789628795585, 0.011397638925495501, 0.03527105107965778, 0.39069332906981835, 0.13009942669428043, 0.0622712436404137},
                    {0.09339679098881881, 0.21389234446165284, 0.011392531067529688, 0.025060483350743845, 0.08344867444256499, 0.06568172280097517, 0.18969020959421545, 0.29417502025475417, 0.023262223038745033},
                    {0.018106152041933332, 0.10221321796539196, 0.037094087310579615, 0.036703375687716755, 0.06851392339453755, 0.3152376287148194, 0.12130612357891535, 0.03448998068992937, 0.26633551061617666},
                    {0.2121245120416274, 0.017756041820698565, 0.02131186760839232, 0.0668659255093833, 0.5417726881728131, 0.004943317988644447, 0.0704647620027048, 0.026423878227257336, 0.03833700662847872},
                    {0.19982759200657674, 0.27068494755031025, 0.005264192362581799, 0.1683465487318795, 0.04641754442825774, 0.11809073975512563, 0.06513712484138823, 0.0469502098405753, 0.07928110048330483},
                    {0.11992365043566677, 0.07907076173256422, 0.2350219586200033, 0.1401637189297119, 0.09879927915498632, 0.011541589889335957, 0.10884295692705226, 0.03697804902683954, 0.16965803528383971},
                    {0.2366380362950371, 0.056750190993602234, 0.008336700074722203, 0.10218825195482706, 0.2246197716388707, 0.13588199262419287, 0.08732836202329286, 0.11691935958897492, 0.031337334806480044},
                    {0.02182064043731735, 0.07767817081894124, 0.001008501196326228, 0.004880521540396088, 0.36653851569398144, 0.051608255479449805, 0.1862580282645956, 0.006477179493448171, 0.2837301870755441},
                    {0.019966870545306215, 0.18439748532464317, 0.054173332727555534, 0.0792215171924544, 0.179875711397934, 0.09417070763417379, 0.04782040074957328, 0.13313676693781207, 0.20723720749054753},
                    {0.229883928987763, 0.045516831693939275, 0.03050537642881157, 0.009025408685026881, 0.3086417770557909, 0.023869344118586655, 0.09491058382802242, 0.07039220873726482, 0.1872545404647945},
                    {0.66580039222706, 0.011772278898461774, 0.02142690037316275, 0.06423926078765074, 0.02229812942724907, 0.07946929462714891, 0.011756609066908452, 0.054234498426852795, 0.0690026361655055},
                    {0.060971497753732784, 0.12751575158649897, 0.324754789880224, 0.08650912492874485, 0.14087699315449076, 0.11303109209941176, 0.05349759627187811, 0.07324559639210826, 0.019597557932910514},
                    {0.04990352813860566, 0.18066179946307193, 0.06867471646099466, 0.032793022933661375, 0.03955679761738362, 0.005953859685327467, 0.2987775819515489, 0.19977185242417794, 0.12390684132522845},
                    {0.03687910241056269, 0.14101886610252712, 0.11242112585759023, 0.03959711341051697, 0.007374560095771088, 0.16841301781800522, 0.07770523921372352, 0.07501122093540191, 0.34157975415590125},
                    {0.017965581710711054, 0.029593129318153166, 0.026499594886348343, 0.04416654726382996, 0.14687623870596433, 0.324759655220741, 0.16218013629856243, 0.1900504806254637, 0.057908635970226},
                    {0.053253824348738266, 0.057450651643681905, 0.2374794113271329, 0.28369107165651963, 0.02705748813003317, 0.017897045887446228, 0.04013635579732999, 0.1851995670507397, 0.0978345841583782},
                    {0.14085156937879717, 0.43170681959648805, 0.04697482081817472, 0.012408716717880242, 0.05114928801642249, 0.08735241411513073, 0.060399650379503234, 0.062373091909677325, 0.10678362906792604},
                    {0.18262259108044088, 0.10822339180708318, 0.010966861739640898, 0.19064296044545737, 0.034264327263347716, 0.1386147253532568, 0.1013307332614033, 0.1655420933623749, 0.06779231568699495},
                    {0.0897713196333989, 0.06360065515875601, 0.21643565840584367, 0.03731601983451027, 0.2816049828666508, 0.022925508593705124, 0.15943293701026873, 0.027593017074821202, 0.10131990142204528},
                    {0.032035466830446224, 0.26857376722389714, 0.2544657348605043, 0.12937492507885018, 0.08735304995478566, 0.02268531132096474, 0.044016946026251724, 0.036077507771540396, 0.12541729093275966},
                    {0.029772198888639245, 0.10903321513609532, 0.04605854152253941, 0.12040066165289609, 0.09587362709123692, 0.13590280405007304, 0.03807320974199735, 0.03531244525746191, 0.3895732966590607},
                    {0.15926995970888325, 0.13223638793049675, 0.11592016232890823, 0.032777920059802734, 0.11083878622299437, 0.07651221812859832, 0.10331114921622409, 0.1913111114083461, 0.07782230499574616},
                    {0.06062449268848258, 0.029681458841134933, 0.06965554005569474, 0.08466154916009727, 0.40855212496683413, 0.17648858039570914, 0.05817512606450148, 0.11150145753090945, 6.596702966362722E-4},
                    {0.07190143249592684, 0.10588168778032059, 0.10807181402533184, 0.06338288388041113, 0.3012524771145403, 0.15549423854921918, 0.03418226465375085, 0.12476243280032273, 0.03507076870017656},
                    {0.14923580892458843, 0.3112592015108282, 0.04510651517219677, 0.16254106008818192, 0.06950593676733607, 0.042930220001540786, 0.013702909099084115, 0.019543226767528843, 0.18617512166871486},
                    {0.037162522446626656, 0.030199736117598186, 0.06636366118121773, 0.04533176610870693, 0.0445321994849055, 0.10570287764584452, 0.36194828515283495, 0.15868458332129398, 0.15007436854097156},
                    {0.26610809053241735, 0.11801120526031528, 0.0019349047754272375, 0.012994490519251278, 0.0024410039169130426, 0.20243927169583986, 0.20723461026989765, 0.17422350414750942, 0.014612918882428882},
                    {0.20221493752923825, 0.1333734727596928, 0.08841425473810316, 0.222904041834192, 0.06326483509375735, 0.08274466881061182, 0.026858185001323975, 0.16455794877091534, 0.01566765546216531},
                    {0.282805369924491, 0.21809372209726907, 0.06415231577209801, 0.00861044262769739, 0.08554523424540827, 0.072993223821606, 0.11430236228995194, 0.06893364110274036, 0.08456368811873793},
                    {0.10590890432688382, 0.13878716296973115, 0.22745465284189104, 0.11593051318440584, 0.22305047704959702, 0.02799087319237048, 0.0427896488714995, 0.03224988755861935, 0.08583788000500181},
                    {0.13225825223387855, 0.08067829813179994, 0.19103420299253493, 0.15397659239030592, 0.11252384493838208, 0.0013679716168703004, 0.022314282435934252, 0.09480358950799839, 0.21104296575229564},
                    {0.30055222738393306, 0.0035050873146423855, 0.04634349867454168, 0.0568164210282488, 2.09653157079992E-4, 0.003903470642046325, 0.08530734120058914, 0.235044265638523, 0.26831803496039563},
                    {0.0012755160363550067, 0.06575405551335445, 0.027496298173335765, 0.03174040371032283, 0.004350438150676594, 0.10567834599209136, 0.3702759584429749, 0.008948726745551805, 0.3844802572353373},
                    {0.17317733138819003, 0.03688987485956352, 0.024214520641442805, 0.0035461821526441284, 0.041565290631263685, 0.2917108448098692, 0.07883406420632766, 0.3486924666228688, 0.0013694246878301897},
                    {0.21736212436749647, 0.18618189936474494, 0.00586008520690573, 0.26314770857531755, 0.14199017489912968, 0.01461861722207125, 0.027359443252175653, 0.12223020503214688, 0.021249742080011846},
                    {0.11791227414953076, 0.2146411127835237, 0.06738112983463884, 0.04481261637771383, 0.33520564044665424, 0.12111645446059172, 0.041959408705001144, 0.05582859546253549, 0.001142767779810261},
                    {0.2051127980489479, 0.30232216192387495, 0.19374965968592262, 9.307131469957763E-4, 0.08292024216212968, 0.042739588618431634, 0.12600868994804804, 0.039470185830244864, 0.006745960635404558},
                    {0.002029277794348805, 0.22679396510694283, 0.06440476181548227, 0.23776087384378986, 0.013630370959897276, 0.14076249604141922, 0.20126097513371377, 0.055473862983474675, 0.0578834163209313},
                    {0.2957502579252489, 0.06214616784920912, 0.06131325822790923, 0.009421220965909805, 0.23359255670408297, 0.06849825439523283, 0.015071162955530792, 0.2006213644145941, 0.05358575656228226},
                    {0.01489777544179327, 0.16994798369820674, 0.003997810707609739, 0.058944318873206725, 0.46961758373368145, 0.12798885244380154, 0.00887853687911222, 0.12603973131284774, 0.01968740690974058},
                    {0.04896492076932357, 0.1741520912090061, 0.07569298909289535, 0.013631716157560758, 0.15657008960117158, 0.07165763522080337, 0.2767932787791788, 0.1183736387403872, 0.06416364042967326},
                    {0.14174743835985237, 0.06877750240553582, 0.4769496670204034, 0.005908956476195382, 0.05420095530904756, 0.010975421198671564, 0.008359203529474057, 0.2187840086062759, 0.01429684709454393},
                    {0.11025458421101264, 0.12560516712657177, 0.004989333907388427, 0.1150344310896525, 0.22256171219192555, 0.10536134283924725, 0.016930672181614703, 0.08154192904475299, 0.21772082740783416},
                    {0.04644197094188818, 0.12866266322582853, 0.00410870679358899, 0.040319566713680755, 0.0042951145270349045, 0.028257432185893827, 0.13306975942728339, 0.2544727437546914, 0.36037204243011},
                    {0.18860942723645246, 0.142103536844423, 0.2782480105714117, 4.851993278738309E-4, 0.03652333272616004, 0.07231149977076201, 0.1985792607994329, 8.319683992747962E-4, 0.08230776432420928},
                    {0.3625857639538721, 0.04744711574265692, 0.08408461398691269, 0.012240567402822533, 0.20941907179636599, 0.029589754744672514, 0.08901953449184596, 0.14431750314846625, 0.02129607473238504},
                    {0.16047058419220706, 0.1255291943719955, 0.05949785071000313, 0.09241106011698041, 0.0757350660456324, 0.006416971332022903, 0.13479567062042708, 0.13295811881992325, 0.21218548379080826},
                    {0.11068758672113244, 0.032733512475416116, 0.11828032334864946, 0.08687779054264799, 0.10949340321737788, 0.297517915992185, 0.030233109954180715, 0.08078410554310933, 0.13339225220530104},
                    {0.01699466335795763, 0.06296273162654697, 0.19664628140719975, 0.011478793980663982, 0.05029815602229948, 0.35704832535334097, 0.15393160315293986, 0.022397305601396078, 0.12824213949765528},
                    {0.1989265437497303, 0.009827216369691416, 0.04705844899255629, 0.0847188006283095, 0.29865352642109944, 0.06269589340989568, 0.024044926266047484, 0.01614386117917188, 0.25793078298349803}
            };
}
