package utils.weights;

/**
 * Provides 100 pre-defined 5D normalized weight vectors drawn from a uniform distribution.
 *
 * @author MTomczyk
 */
public class Weights5D
{
    /**
     * Weight vectors.
     */
    public static final double[][] _data = new double[][]
            {
                    {0.08604736131685709, 0.0646698876509183, 0.014608132421315423, 0.03021734340050608, 0.8044572752104031},
                    {0.1444978404687116, 0.1318496236081964, 0.4544006793662091, 0.14655136251944023, 0.12270049403744265},
                    {0.007868637324814354, 0.7349352249826071, 0.05946198326487373, 0.11145749503384095, 0.08627665939386386},
                    {0.11374688233772967, 0.695825005591917, 0.005380030089014554, 0.05574395282253808, 0.12930412915880074},
                    {0.5549963654246494, 0.15807662246960918, 0.0720668468906237, 0.1377728841106357, 0.07708728110448204},
                    {0.4068192901713782, 0.09916337096492844, 0.026765406462630592, 0.43463300466400023, 0.03261892773706254},
                    {0.008644160012891922, 0.7401423080332047, 0.006103272758436029, 0.10323393303641004, 0.14187632615905732},
                    {0.5861925324527847, 0.03476788648398732, 0.18365042839157908, 0.15463355828861514, 0.04075559438303378},
                    {0.0011337332612453288, 0.04654328784307249, 0.18702800971493883, 0.5650818811105875, 0.2002130880701558},
                    {0.26377094256528144, 0.03715582172279308, 0.1926581032134559, 0.16888496148166732, 0.33753017101680227},
                    {0.26988668829186413, 0.24700964306088813, 0.12385727372682387, 0.08247153330892465, 0.2767748616114992},
                    {0.008024450846062958, 0.15866515451680063, 0.4447859354725108, 0.1364340045450948, 0.25209045461953083},
                    {0.18593503995478167, 0.006861800455720379, 0.02744453249640577, 0.2498861482753898, 0.5298724788177024},
                    {0.0878600937157803, 0.06792724165528763, 0.10593486514983541, 0.29732812253558416, 0.4409496769435125},
                    {0.11813336654362927, 0.1270965401568398, 0.2127773525094212, 0.17661444503508883, 0.3653782957550209},
                    {0.5574027577783615, 0.0017453404402367756, 0.03454055370090614, 0.396640563057742, 0.009670785022753647},
                    {0.30524015207289723, 0.006538839618620118, 0.3134082683938568, 0.33240558916608576, 0.04240715074854007},
                    {0.05601316776942322, 0.1755231525310188, 0.5268976748664173, 0.15663808059599138, 0.08492792423714934},
                    {0.22310312858181935, 0.31857753337956973, 0.051174438209706574, 0.04192934274881932, 0.365215557080085},
                    {0.16293763320134302, 0.2470729666214858, 0.03004434502392317, 0.12779389980892464, 0.43215115534432336},
                    {0.30010620704485436, 0.2693549196448215, 0.016506438841497384, 0.1439052480321189, 0.27012718643670786},
                    {0.2944218719870346, 0.27550093926661123, 0.27932825070993683, 0.026005140314436126, 0.12474379772198119},
                    {0.2588030058086438, 0.19574211674446163, 0.2761090226825984, 0.12934839280991306, 0.13999746195438312},
                    {0.01751511517114812, 0.48374871125382857, 0.057536209467132116, 0.4077129652628445, 0.03348699884504669},
                    {0.06306099779579222, 0.40150841837892903, 0.4127826616568897, 0.09290461280488438, 0.029743309363504666},
                    {0.3865456302029574, 0.31192783007919866, 0.1958683443590049, 0.09432277113242349, 0.011335424226415536},
                    {0.06671689818337256, 0.1175490823480334, 0.19798452124266253, 0.06403336281662375, 0.5537161354093078},
                    {0.13385822145151816, 0.3132708874723803, 0.2501726657538931, 0.25041116376671757, 0.0522870615554909},
                    {0.11991412924937539, 0.6501971406135092, 0.1537589969394465, 0.01744524925597357, 0.05868448394169534},
                    {0.36653259375254355, 0.014693258494702377, 0.011944849507606992, 0.4029462789456406, 0.20388301929950647},
                    {0.1937626787175446, 0.1252900532638226, 0.013816163424051342, 0.5292162763958956, 0.13791482819868583},
                    {0.45722608735498005, 0.1233403619509903, 0.09778915410143685, 0.2832054021430108, 0.03843899444958199},
                    {0.012381704731844967, 0.04168396098942884, 0.30293552684908354, 0.6188833397747247, 0.02411546765491801},
                    {0.016687894687135274, 0.37382650862388456, 0.4095578630824154, 0.15825774368357926, 0.04166998992298554},
                    {0.5441434564810392, 3.0800130083763477E-4, 0.2422863413118277, 0.1114997236435814, 0.10176247726271404},
                    {0.40711410155680894, 0.27166315045951184, 0.040427086243474575, 0.03703050161158916, 0.2437651601286155},
                    {0.3230632315195542, 0.37308003558401925, 0.23866606166609783, 0.0409450037153537, 0.024245667514975033},
                    {0.09411304557281563, 0.4971810032797426, 0.27496691625287273, 0.08600542299157421, 0.047733611902994855},
                    {0.006625992452421792, 0.059345152319299155, 0.49441157575344974, 0.15809536445191097, 0.28152191502291835},
                    {0.11798299500753584, 0.005238422495567718, 0.15333740933974027, 0.13225257493208287, 0.5911885982250733},
                    {0.08186984490187854, 0.5868648716826421, 0.006785279269880151, 0.20589874730764346, 0.11858125683795573},
                    {0.6110630453944171, 0.010067389843249175, 0.2896209228010741, 0.02217909517655481, 0.06706954678470478},
                    {0.30957015671806676, 0.3533507835642401, 0.20699564184151198, 0.07767319855937338, 0.05241021931680778},
                    {0.07382062975766168, 0.2423251885909825, 0.12942025516947087, 0.2171978095175784, 0.33723611696430655},
                    {0.03018004188121126, 0.698461112285352, 0.20517072734497543, 0.018985925875857013, 0.04720219261260428},
                    {0.16059558810022478, 0.1058829465156036, 0.5260606961550527, 0.14769069508048338, 0.059770074148635555},
                    {0.012795932434869539, 0.27097959495877955, 0.2194435100259895, 0.20588756640096584, 0.2908933961793956},
                    {0.2464243582542317, 0.006602199612388726, 0.2521781398334163, 0.3110320562466773, 0.18376324605328598},
                    {0.03716051932227715, 0.3714580791299439, 0.12495333335686087, 0.22035873977179232, 0.24606932841912577},
                    {0.19820272346127787, 0.141975059566949, 0.06500777920545808, 0.286384988883827, 0.308429448882488},
                    {0.030697732674852984, 0.43560687841746504, 0.20288016612393123, 0.012461135039548266, 0.3183540877442025},
                    {0.07054150948655702, 0.26808237211287844, 0.5187378595083567, 0.10023784007951086, 0.04240041881269696},
                    {0.19872942144519112, 0.20558749364750595, 0.031192678673483076, 0.2571554707905508, 0.30733493544326906},
                    {0.019613394986352284, 0.03374003026721695, 0.2782401399285309, 0.38607313444755686, 0.282333300370343},
                    {0.08986416146676501, 0.09787519163818481, 0.4984865876516782, 0.04481424017513225, 0.26895981906823974},
                    {0.19182012905264767, 0.05903926577523566, 0.09200946552370648, 0.04572648868935503, 0.6114046509590552},
                    {0.09430478550962362, 0.4848790956452168, 0.3722875549966348, 0.02405207760406347, 0.024476486244461304},
                    {0.02262077525557793, 0.6074100498010568, 0.226137877683666, 0.056597167112995006, 0.08723413014670423},
                    {0.07895130932465, 0.0011539901232717753, 0.5651669720092746, 0.05641584328854776, 0.2983118852542559},
                    {0.03381115908681631, 0.02319579532653282, 0.20605007907721873, 0.24956924507130274, 0.4873737214381294},
                    {0.024558104859105034, 0.18538906140614664, 0.09196978025929592, 0.6649462715680288, 0.03313678190742364},
                    {0.17845930269830745, 0.43230779640320405, 0.04943938018283234, 0.2280546851727625, 0.11173883554289366},
                    {0.14873981863191654, 0.1638123288403378, 0.07483000463655765, 0.21443222917565996, 0.39818561871552804},
                    {0.05706685800774236, 0.48923643366798875, 0.009574887632045948, 0.3136683507374771, 0.13045346995474583},
                    {0.2394437451031869, 0.5702574717972465, 0.08046195489667629, 0.07427431419975461, 0.0355625140031357},
                    {0.1521105518214948, 0.26015441653525895, 0.011015252782950236, 0.4617153084081146, 0.11500447045218143},
                    {0.15834973146020304, 0.0788841325071683, 0.043447996018425306, 0.5575973286174727, 0.16172081139673067},
                    {0.0017826406940806283, 0.25452801708661077, 0.012069015281997886, 0.10726489369938974, 0.624355433237921},
                    {0.07051543150854556, 0.7212955049529164, 6.237474836915391E-4, 0.1303092828087281, 0.0772560332461184},
                    {0.27960415760846213, 0.15584065264961755, 0.15400971935021324, 0.3535267325648198, 0.05701873782688727},
                    {0.12745679239582952, 0.05108515413361536, 0.7657094945420916, 0.033871558151986836, 0.021877000776476696},
                    {0.04819812205175422, 0.19969630710791264, 0.5656567793918923, 0.10457732205021131, 0.08187146939822953},
                    {0.18570003216194064, 0.41810435806671176, 0.08984203287437753, 0.19356747692125298, 0.11278609997571709},
                    {0.04724290107149054, 0.33177367912759204, 0.08308507861984848, 0.3118523498671947, 0.22604599131387426},
                    {0.7115868482797499, 0.05868726238363553, 0.0023327624575156802, 0.050923830343891696, 0.17646929653520715},
                    {0.05373793964897988, 0.27557217757153285, 0.2716799118029656, 0.292913220855505, 0.10609675012101671},
                    {0.24207368382988093, 0.04103274110688149, 0.0649343582981553, 0.14370067232157946, 0.5082585444435028},
                    {0.2985839209787087, 0.10858199393651902, 0.12256706944737605, 0.056450516740324974, 0.4138164988970713},
                    {0.4455473300099282, 0.1394859096394394, 0.14571624967309593, 0.2183623180883284, 0.05088819258920807},
                    {0.1787415936369926, 0.46357537095528123, 0.05581708504386518, 0.059620134242436285, 0.2422458161214247},
                    {0.21572128312210437, 0.04340804823179634, 0.056883600150067215, 0.10336323280339177, 0.5806238356926403},
                    {0.24759121010719454, 0.23364517649110061, 0.34707228055055783, 0.16629418076277225, 0.005397152088374768},
                    {0.2052988512593633, 0.10167193434154209, 0.13169562107411514, 0.25208662381689384, 0.3092469695080856},
                    {0.26123148506236593, 0.05910836845041134, 0.39031646338249903, 0.17766400910300462, 0.11167967400171908},
                    {0.16620316875431196, 0.17605564468910062, 0.2104745780860281, 0.05185580047769167, 0.39541080799286765},
                    {0.33483109093836616, 0.1388689560859805, 0.22917129678735948, 0.2752315472794805, 0.021897108908813356},
                    {0.09233139042304361, 0.034036961099644936, 0.13103305234715834, 0.1470875518703253, 0.5955110442598278},
                    {0.30693141194133333, 0.15442880906791123, 0.18309214368069537, 0.32667178478071035, 0.02887585052934971},
                    {0.06854547332753114, 0.3820875574471203, 0.1864813117011428, 0.23584456424780398, 0.12704109327640178},
                    {0.34228114781004093, 0.1313623519049003, 0.36460433452164276, 0.07340860279852279, 0.08834356296489321},
                    {0.10119392457222465, 0.044993954468268815, 0.33137863445618687, 0.19580683344712257, 0.3266266530561971},
                    {0.12384919044751319, 0.15083460040282304, 0.16277458077984064, 0.04638246119156253, 0.5161591671782606},
                    {0.1876713849489634, 0.21232829391835284, 0.01899949237021914, 0.43216277815567006, 0.14883805060679456},
                    {0.006539169171146497, 0.18896441513154394, 0.40834097920107826, 0.15939667961634052, 0.23675875687989079},
                    {0.14521168233456616, 0.11457060739627256, 0.006878111238429185, 0.7005522527033752, 0.032787346327356914},
                    {0.2662607760001008, 0.09556421229457035, 0.2588418649020482, 0.2642302894753513, 0.11510285732792935},
                    {0.025158228207711075, 0.09275356783764399, 0.5875915353133586, 0.2257284389814238, 0.06876822965986251},
                    {0.16471020587931495, 0.13938337832992498, 0.05211621318660553, 0.1160498915212469, 0.5277403110829076},
                    {0.30537178525372866, 0.34132842580140677, 0.06099854012644401, 0.2189815721247781, 0.07331967669364248},
                    {0.3945877615689245, 0.15019552417887694, 0.03219972505475854, 0.39381341306861084, 0.02920357612882918}
            };
}
