package utils.weights;

/**
 * Provides 100 pre-defined 10D normalized weight vectors drawn from a uniform distribution.
 *
 * @author MTomczyk
 */
public class Weights10D
{
    /**
     * Weight vectors.
     */
    public static final double[][] _data = new double[][]
            {
                    {0.08604736131685709, 0.05845047915185453, 0.006219408499063772, 0.014608132421315423, 0.03021734340050608, 0.08080473928731113, 0.4544006793662091, 0.07151770212917807, 0.07503366039026216, 0.12270049403744265},
                    {0.007868637324814354, 0.10587824501291532, 0.5993261055565289, 0.02973087441316291, 0.06676802562222517, 0.005380030089014554, 0.05574395282253808, 0.043027469764936876, 0.009189378289381822, 0.07708728110448204},
                    {0.008644160012891922, 0.39817513015848627, 0.09916337096492844, 0.026765406462630592, 0.022248297825712138, 0.19989337537988328, 0.030250093980349613, 0.07298383905606043, 0.10925739842199478, 0.03261892773706254},
                    {0.0011337332612453288, 0.04654328784307249, 0.18702800971493883, 0.35148750163352804, 0.03476788648398732, 0.1278260491093246, 0.05100044388374758, 0.004823935398506896, 0.15463355828861514, 0.04075559438303378},
                    {0.008024450846062958, 0.2557464917192185, 0.006115745726582689, 0.031040075996210392, 0.1926581032134559, 0.023311463851221847, 0.12385727372682387, 0.0217162239036216, 0.06075530940530305, 0.2767748616114992},
                    {0.0878600937157803, 0.06792724165528763, 0.010902269991795666, 0.019245434591918076, 0.006861800455720379, 0.02744453249640577, 0.2498861482753898, 0.14134801965307675, 0.1364340045450948, 0.25209045461953083},
                    {0.11813336654362927, 0.1270965401568398, 0.016492293820434267, 0.19628505868898694, 0.09939549856847119, 0.0016475652781260397, 0.034638328863016876, 0.04093305232547473, 0.35570751073226725, 0.009670785022753647},
                    {0.05601316776942322, 0.1755231525310188, 0.07370383177245521, 0.006538839618620118, 0.24736910652708088, 0.06603916186677594, 0.1332467350814851, 0.15663808059599138, 0.042520773488609276, 0.04240715074854007},
                    {0.16293763320134302, 0.06016549538047633, 0.18690747124100948, 0.03004434502392317, 0.10162571711463708, 0.026168182694287556, 0.0016122820339992128, 0.023393973481419805, 0.04192934274881932, 0.365215557080085},
                    {0.2944218719870346, 0.005684335057819734, 0.2698166042087915, 0.016044754277527384, 0.1439052480321189, 7.813316724116781E-4, 0.11859691672787886, 0.010751476082034195, 0.015253664232401931, 0.12474379772198119},
                    {0.01751511517114812, 0.045545882624644096, 0.19574200801285158, 0.19574211674446163, 0.04671870387187127, 0.057536209467132116, 0.31855204193950215, 0.08916092332334236, 0.003743689481542023, 0.029743309363504666},
                    {0.06671689818337256, 0.1175490823480334, 0.19798452124266253, 0.004295128428888906, 0.059738234387734845, 0.018285551584029003, 0.23390404410743482, 0.1958683443590049, 0.09432277113242349, 0.011335424226415536},
                    {0.11991412924937539, 0.013944092202142766, 0.2326743723010254, 0.08059651517135491, 0.2501726657538931, 0.07280949518509305, 0.1537589969394465, 0.01744524925597357, 0.006397422386204443, 0.0522870615554909},
                    {0.1937626787175446, 0.1252900532638226, 0.013816163424051342, 0.04835695684182739, 0.011944849507606992, 0.06405538560012713, 0.1233403619509903, 0.21555053139452318, 0.06596819110082064, 0.13791482819868583},
                    {0.012381704731844967, 0.004306189955290307, 0.03737777103413853, 0.30293552684908354, 0.03351321074066249, 0.28784120009638736, 0.27997440666960727, 0.003230995473403553, 0.014323526794663977, 0.02411546765491801},
                    {0.40711410155680894, 0.1370293549242303, 3.0800130083763477E-4, 0.1343257942344439, 0.040427086243474575, 0.03703050161158916, 0.030502959222320047, 0.013334467299730646, 0.09816525634385076, 0.10176247726271404},
                    {0.006625992452421792, 0.08748705312039384, 0.22895018594673855, 0.268230817333004, 0.10484921825101523, 0.1701176980018575, 0.06854836366424033, 0.01745705932733388, 0.02348794438801982, 0.024245667514975033},
                    {0.06597114477172095, 0.052011850235814894, 0.005238422495567718, 0.15333740933974027, 0.13225257493208287, 0.151571318750244, 0.10835199605934998, 0.006785279269880151, 0.04295808912268084, 0.28152191502291835},
                    {0.08186984490187854, 0.22770031181618822, 0.3014928886763504, 0.010067389843249175, 0.24878614688615253, 0.011502161038225434, 0.02933261487669614, 0.02217909517655481, 0.014659327467896999, 0.05241021931680778},
                    {0.03018004188121126, 0.04364058787645042, 0.2423251885909825, 0.12942025516947087, 0.2171978095175784, 1.5705724661341236E-4, 0.06572021388425642, 0.20517072734497543, 0.018985925875857013, 0.04720219261260428},
                    {0.012795932434869539, 0.14779965566535525, 0.09243096976639564, 0.01345197674920795, 0.017296992777820708, 0.2194435100259895, 0.20588756640096584, 0.08343262695027664, 0.14769069508048338, 0.059770074148635555},
                    {0.03716051932227715, 0.16104220413900072, 0.04822163479295383, 0.15876120397945326, 0.0034330362185360785, 0.0965860992478157, 0.02836723410904518, 0.22035873977179232, 0.06230608236583979, 0.18376324605328598},
                    {0.030697732674852984, 0.039843776811704035, 0.26963627354166986, 0.12612682806409115, 0.20288016612393123, 0.012461135039548266, 0.009924638861714463, 0.1657911899902802, 0.10023784007951086, 0.04240041881269696},
                    {0.019613394986352284, 0.03374003026721695, 0.1453759961916219, 0.13286414373690902, 0.007030316417335314, 0.06569303349326161, 0.031192678673483076, 0.2571554707905508, 0.025001635072926076, 0.282333300370343},
                    {0.08986416146676501, 0.09787519163818481, 0.004080775947697846, 0.05903926577523566, 0.09200946552370648, 0.04572648868935503, 0.1905885321138956, 0.10704205960178759, 0.04481424017513225, 0.26895981906823974},
                    {0.02262077525557793, 0.057484524192343844, 0.01419948606170185, 0.5357260395470111, 0.07165728968910934, 0.15448058799455666, 0.056597167112995006, 0.03870556629817945, 0.02405207760406347, 0.024476486244461304},
                    {0.03381115908681631, 0.02319579532653282, 0.021944354911300867, 0.13099585694060167, 0.05310986722531619, 0.03885991303397973, 0.210709332037323, 0.13264599289532575, 0.32159094663538, 0.03313678190742364},
                    {0.024558104859105034, 0.12418171377281151, 0.02971948406639091, 0.1340928447739469, 0.07483000463655765, 0.21443222917565996, 0.008952717817039546, 0.04943938018283234, 0.2280546851727625, 0.11173883554289366},
                    {0.05706685800774236, 0.09504369381375244, 0.08733319328169209, 0.3068595465725442, 0.009574887632045948, 0.25382303759265634, 0.05984531314482078, 0.020616641751855513, 0.07427431419975461, 0.0355625140031357},
                    {0.15834973146020304, 0.0788841325071683, 0.031145809095317945, 0.012302186923107361, 0.09496270677628238, 0.03662040159467472, 0.011015252782950236, 0.41499896746356535, 0.04671634094454924, 0.11500447045218143},
                    {0.0017826406940806283, 0.06873279081446493, 0.18579522627214584, 0.023293499827770736, 0.15584065264961755, 0.15400971935021324, 0.20235640685316902, 6.237474836915391E-4, 0.1303092828087281, 0.0772560332461184},
                    {0.04819812205175422, 0.0792586703440753, 0.05108515413361536, 0.06935248263022198, 0.5656567793918923, 0.10457732205021131, 0.024852731571342268, 0.001270178898423735, 0.033871558151986836, 0.021877000776476696},
                    {0.04724290107149054, 0.1384571310904501, 0.19331654803714193, 0.08308507861984848, 0.14170273140972134, 0.08984203287437753, 0.07896045001787122, 0.0013471355652245887, 0.11325989133815717, 0.11278609997571709},
                    {0.05373793964897988, 0.22936848528778253, 0.04620369228375032, 0.018730666014404984, 0.2529492457885606, 0.11059681925627163, 0.05868726238363553, 0.053256592801407376, 0.07037254641419044, 0.10609675012101671},
                    {0.24207368382988093, 0.05651023714882775, 0.10858199393651902, 0.08457554064126949, 0.03799152880610657, 0.055300255286763855, 0.0011502614535611189, 0.1445659882195348, 0.2183623180883284, 0.05088819258920807},
                    {0.1787415936369926, 0.036979689485111766, 0.04340804823179634, 0.056883600150067215, 0.10336323280339177, 0.0261711657025685, 0.19676963458234564, 0.05581708504386518, 0.059620134242436285, 0.2422458161214247},
                    {0.2052988512593633, 0.042292358847831224, 0.05937957549371087, 0.013369067911871868, 0.11832655316224328, 0.0425699799232746, 0.20951664389361924, 0.1375556366569386, 0.16629418076277225, 0.005397152088374768},
                    {0.16620316875431196, 0.09502831630805397, 0.08102732838104665, 0.2104745780860281, 0.05185580047769167, 0.09828215180457378, 0.007784973083570179, 0.17766400910300462, 0.08978256509290572, 0.021897108908813356},
                    {0.09233139042304361, 0.034036961099644936, 0.13103305234715834, 0.04953000807148644, 0.02789967899703283, 0.06965786480180602, 0.05687126526907238, 0.012339826015102084, 0.1707523176655933, 0.35554763531006006},
                    {0.06854547332753114, 0.2737356744825098, 0.10835188296461051, 0.023010468940289797, 0.163470842760853, 0.20113349176078976, 0.034711072487014216, 0.03869753031150858, 0.059467712435543496, 0.02887585052934971},
                    {0.10119392457222465, 0.022655265875288544, 0.02233868859298027, 0.04148350590846994, 0.08701240590137282, 0.16277458077984064, 0.040108141866503466, 0.006274319325059063, 0.1895325141220635, 0.3266266530561971},
                    {0.006539169171146497, 0.18896441513154394, 0.06427870542814829, 0.006878111238429185, 0.13333927789804834, 0.01899949237021914, 0.1848453922662333, 0.15939667961634052, 0.08792070627309623, 0.14883805060679456},
                    {0.025158228207711075, 0.09275356783764399, 0.027299886289211095, 0.12104909366553462, 0.09556421229457035, 0.2588418649020482, 0.2642302894753513, 0.04633462766806684, 0.0359808833325056, 0.032787346327356914},
                    {0.16471020587931495, 0.13938337832992498, 0.0012782010444887248, 0.050838012142116806, 0.1160498915212469, 0.17444052213804306, 0.05880312030357826, 0.0021954198228657518, 0.2189815721247781, 0.07331967669364248},
                    {0.2969116945338427, 0.08475325498198705, 0.012922812053094757, 0.02234823902656302, 0.12784728515231392, 0.03219972505475854, 0.2306463188627459, 0.13009942669428043, 0.03306766751158452, 0.02920357612882918},
                    {0.09339679098881881, 0.034575984370705415, 0.21576937450922096, 0.012524371092793474, 0.014000789628795585, 0.05692351372097593, 0.06568172280097517, 0.18969020959421545, 0.29417502025475417, 0.023262223038745033},
                    {0.018106152041933332, 0.10221321796539196, 0.07379746299829637, 0.06851392339453755, 0.04465837905031245, 0.011392531067529688, 0.2591867185969773, 0.12130612357891535, 0.03448998068992937, 0.26633551061617666},
                    {0.1574134573179049, 0.05471105472372251, 0.017756041820698565, 0.02131186760839232, 0.0668659255093833, 0.5417726881728131, 0.004943317988644447, 0.0704647620027048, 0.026423878227257336, 0.03833700662847872},
                    {0.19982759200657674, 0.27068494755031025, 0.005264192362581799, 0.1683465487318795, 0.04641754442825774, 0.10282309060971473, 0.0152676491454109, 0.06513712484138823, 0.0469502098405753, 0.07928110048330483},
                    {0.11992365043566677, 0.07907076173256422, 0.2350219586200033, 0.1401637189297119, 0.09879927915498632, 0.011541589889335957, 0.07989398481898369, 0.06592702113490811, 0.021401340888384746, 0.14825669439545497},
                    {0.10050731245258482, 0.13613072384245228, 0.056750190993602234, 0.008336700074722203, 0.10218825195482706, 0.06801317036877375, 0.15660660127009696, 0.0877368619673966, 0.25239285226906405, 0.031337334806480044},
                    {0.019966870545306215, 0.0018537698920111367, 0.07767817081894124, 0.005889022736722316, 0.09897652187696848, 0.31327056131794395, 0.005899687978518808, 0.1862580282645956, 0.08297015907844474, 0.20723720749054753},
                    {0.2585376885975049, 0.01686307208419735, 0.03050537642881157, 0.009025408685026881, 0.022827659994418603, 0.2740464190321078, 0.03563704214785113, 0.01218335860172215, 0.1531194339635651, 0.1872545404647945},
                    {0.229883928987763, 0.3936893938635686, 0.0422270693757284, 0.011772278898461774, 0.02142690037316275, 0.043353679299256154, 0.02088558148839459, 0.02229812942724907, 0.14546040212091016, 0.0690026361655055},
                    {0.060971497753732784, 0.12751575158649897, 0.324754789880224, 0.2273861180832356, 0.11303109209941176, 0.011347006937630133, 0.011756609066908452, 0.030393980267339527, 0.07324559639210826, 0.019597557932910514},
                    {0.04990352813860566, 0.18066179946307193, 0.06867471646099466, 0.032793022933661375, 0.03955679761738362, 0.005953859685327467, 0.2222074398501559, 0.07657014210139301, 0.19977185242417794, 0.12390684132522845},
                    {0.03687910241056269, 0.010679608618301528, 0.1303392574842256, 0.11242112585759023, 0.03959711341051697, 0.007374560095771088, 0.16841301781800522, 0.07770523921372352, 0.07501122093540191, 0.34157975415590125},
                    {0.017965581710711054, 0.05609272420450151, 0.04416654726382996, 0.14687623870596433, 0.08308279543454622, 0.2416768597861948, 0.12710510168513423, 0.0350750346134282, 0.1900504806254637, 0.057908635970226},
                    {0.053253824348738266, 0.057450651643681905, 0.030147093386377, 0.47868164041466277, 0.012341749182612771, 0.02705748813003317, 0.017897045887446228, 0.21638687793852185, 0.008949044909547843, 0.0978345841583782},
                    {0.18262259108044088, 0.10822339180708318, 0.28171240608776116, 0.059383537536054964, 0.05114928801642249, 0.08357437642286747, 0.0037780376922632586, 0.060399650379503234, 0.10136440529060842, 0.06779231568699495},
                    {0.30181284462716496, 0.06799478857083363, 0.03731601983451027, 0.08533215204011346, 0.034264327263347716, 0.1386147253532568, 0.023393778209932825, 0.022925508593705124, 0.18702595408508993, 0.10131990142204528},
                    {0.032035466830446224, 0.05773585280295268, 0.06360065515875601, 0.14723725926218845, 0.2544657348605043, 0.21672797503363583, 0.06670225734721646, 0.03258188020743358, 0.003495627564106818, 0.12541729093275966},
                    {0.029772198888639245, 0.10903321513609532, 0.04605854152253941, 0.12040066165289609, 0.09587362709123692, 0.13590280405007304, 0.03807320974199735, 0.10933563591022044, 0.1100383612757504, 0.20551174473055178},
                    {0.15926995970888325, 0.13223638793049675, 0.11592016232890823, 0.032777920059802734, 0.11083878622299437, 0.05938348708985397, 0.01712873103874435, 0.10331114921622409, 0.1913111114083461, 0.07782230499574616},
                    {0.06062449268848258, 0.029681458841134933, 0.06965554005569474, 0.08466154916009727, 0.10461477743658087, 0.30393734753025325, 0.17648858039570914, 0.05817512606450148, 0.11150145753090945, 6.596702966362722E-4},
                    {0.07190143249592684, 0.10588168778032059, 0.10807181402533184, 0.17464007613383736, 0.18999528486111406, 0.1437913562672256, 0.011702882281993565, 0.03418226465375085, 0.12476243280032273, 0.03507076870017656},
                    {0.06736225856422484, 0.06636366118121773, 0.015509889179145864, 0.18005695406031108, 0.1763087626227139, 0.16254106008818192, 0.06950593676733607, 0.042930220001540786, 0.03324613586661296, 0.18617512166871486},
                    {0.037162522446626656, 0.14189516340752284, 0.0445321994849055, 0.16246431522910487, 0.21787476613200418, 0.08731208143757041, 0.11992252883232724, 0.038762054488966746, 0.13546144965854268, 0.014612918882428882},
                    {0.26610809053241735, 0.0694803197565137, 0.04853088550380158, 0.014929395294678516, 0.0024410039169130426, 0.02251297002271002, 0.222904041834192, 0.06326483509375735, 0.08274466881061182, 0.20708378923440462},
                    {0.20221493752923825, 0.29868415449252184, 0.06415231577209801, 0.00861044262769739, 0.08554523424540827, 0.1605673110999556, 0.026728275011602354, 0.06893364110274036, 0.06889603265657263, 0.01566765546216531},
                    {0.10590890432688382, 0.1768964655976072, 0.189345350214015, 0.11593051318440584, 0.14411907516565792, 0.0789314018839391, 0.02799087319237048, 0.0427896488714995, 0.03224988755861935, 0.08583788000500181},
                    {0.13225825223387855, 0.08067829813179994, 0.03175951693093648, 0.15927468606159845, 0.15397659239030592, 0.11252384493838208, 0.0013679716168703004, 0.022314282435934252, 0.09480358950799839, 0.21104296575229564},
                    {0.30055222738393306, 0.0035050873146423855, 0.04634349867454168, 0.0568164210282488, 2.09653157079992E-4, 0.003903470642046325, 0.08530734120058914, 0.11888204336358132, 0.11616222227494166, 0.26831803496039563},
                    {0.0012755160363550067, 0.06575405551335445, 0.027496298173335765, 0.03174040371032283, 0.004350438150676594, 0.10567834599209136, 0.04309814209696816, 0.2917108448098692, 0.03546697153613754, 0.3934289839808891},
                    {0.17317733138819003, 0.03688987485956352, 0.007294918119742921, 0.016919602521699884, 0.0035461821526441284, 0.41211019964746054, 0.02261370882516367, 0.14199017489912968, 0.18408858289857544, 0.0013694246878301897},
                    {0.11791227414953076, 0.28563174958271065, 0.00586008520690573, 0.03534302420626001, 0.33520564044665424, 0.049207836043604236, 0.027359443252175653, 0.08650858386981297, 0.035721621162333905, 0.021249742080011846},
                    {0.2051127980489479, 0.1274405888841066, 0.06738112983463884, 0.3851010582001776, 0.042739588618431634, 0.07329406446635056, 0.052714625481697475, 0.039470185830244864, 0.005603192855594297, 0.001142767779810261},
                    {0.002029277794348805, 0.2911987269224251, 0.21420695525604894, 0.02355391858774092, 0.013630370959897276, 0.15656537013828442, 9.307131469957763E-4, 0.1845273878898528, 0.055473862983474675, 0.0578834163209313},
                    {0.22882324290129163, 0.12907318287316638, 0.06131325822790923, 0.009421220965909805, 0.23359255670408297, 0.023158283889520237, 0.04533997050571259, 0.015071162955530792, 0.2006213644145941, 0.05358575656228226},
                    {0.01489777544179327, 0.16994798369820674, 0.003997810707609739, 0.058944318873206725, 0.04796236920443242, 0.42165521452924903, 0.12798885244380154, 0.00887853687911222, 0.12603973131284774, 0.01968740690974058},
                    {0.04896492076932357, 0.0927825175905288, 0.0813695736184773, 0.07569298909289535, 0.013631716157560758, 0.15657008960117158, 0.07165763522080337, 0.2767932787791788, 0.1183736387403872, 0.06416364042967326},
                    {0.2105249407653882, 0.02533481057219622, 0.12002376499704093, 0.3315910914511663, 0.005908956476195382, 0.05420095530904756, 0.010975421198671564, 0.008359203529474057, 0.2187840086062759, 0.01429684709454393},
                    {0.11025458421101264, 0.10927832346397381, 0.021316177569986383, 0.011236369142942348, 0.3263597741386357, 0.0611827290433391, 0.04417861379590815, 0.016930672181614703, 0.08154192904475299, 0.21772082740783416},
                    {0.04644197094188818, 0.12866266322582853, 0.00410870679358899, 0.04461468124071566, 0.10688494187885411, 0.0544422497343231, 0.33312579266188447, 0.1985792607994329, 8.319683992747962E-4, 0.08230776432420928},
                    {0.18860942723645246, 0.17397633671741963, 0.04744711574265692, 0.08408461398691269, 0.11484348096884545, 4.851993278738309E-4, 0.03652333272616004, 0.09939738092098171, 0.23333703764031222, 0.02129607473238504},
                    {0.16047058419220706, 0.1255291943719955, 0.05949785071000313, 0.09241106011698041, 0.06844937169507814, 0.013702665682577164, 0.19571640611378882, 0.07203738332656151, 0.04657190590995697, 0.1656135778808513},
                    {0.11068758672113244, 0.032733512475416116, 0.11828032334864946, 0.08687779054264799, 0.10949340321737788, 0.055571139131594616, 0.14121264195244998, 0.10073413490814043, 0.11101721549729004, 0.13339225220530104},
                    {0.01699466335795763, 0.06296273162654697, 0.19664628140719975, 0.011478793980663982, 0.05029815602229948, 0.35704832535334097, 0.09039469050358084, 0.06353691264935901, 0.022397305601396078, 0.12824213949765528},
                    {0.1989265437497303, 0.009827216369691416, 0.03072354662352239, 0.0163349023690339, 0.0847188006283095, 0.29865352642109944, 0.06269589340989568, 0.024044926266047484, 0.01614386117917188, 0.25793078298349803},
                    {0.025083172678749488, 0.3317466035443847, 0.06539683216402303, 0.10472641554616424, 0.054599586002117784, 0.1869588847398551, 0.0012447142746433437, 0.12305984384445134, 0.04633999115060994, 0.060843956055001036},
                    {0.1476438004558992, 0.060038446883629915, 0.06469012991955969, 0.20056194632758673, 0.004258130334473309, 0.05256918390847054, 0.03492534873817965, 0.011303372763270203, 0.11268734800080416, 0.3113222926681266},
                    {0.21650609557796963, 0.1380466695902547, 0.08799945178908042, 0.03857368883215084, 0.014560031864559675, 0.07457013169636284, 0.2640514714825486, 0.11417157081825824, 0.036916648529712326, 0.014604239819102749},
                    {0.16896607950447207, 9.335658631210997E-4, 0.008390036200789153, 0.20357635550465814, 0.12901146047894108, 0.1351879996760722, 0.03339040385370862, 0.08224191508105427, 0.19136939437046563, 0.04693278946671775},
                    {0.08328600506581796, 0.14273139979540084, 0.1847067391484708, 0.06166436596341107, 0.03432857471697226, 0.0699631881830729, 0.05501915794383938, 0.003036822042559617, 0.08997310664449398, 0.2752906404959612},
                    {0.3189091634990867, 0.1519529773040006, 0.004098731182279436, 0.026723736940324816, 0.11023160056814651, 0.13650521388954717, 0.0047343803053148115, 0.048646048702484346, 0.12452756444991608, 0.07367058315889952},
                    {0.09289371674301927, 0.12820286494201227, 0.038714871144219676, 0.08895481194730359, 0.04471275758525273, 0.09409494683514785, 0.07890432110986068, 0.1576458986866346, 0.26498677256302394, 0.0108890384435254},
                    {0.06412766712642148, 0.030476218561941826, 0.0450350775027436, 0.03327016314561704, 0.08662616544539736, 0.15560900218329055, 0.1586551014467854, 0.04590065519514286, 0.21778738536603326, 0.16251256402662662},
                    {0.07278572108841919, 0.16191019687442187, 0.03774718109341668, 0.15501956030825492, 0.0493263865892789, 0.23518094635789444, 0.16102343575530131, 0.029992318495821735, 0.009897162107047608, 0.08711709133014334},
                    {0.07072927549583485, 0.15797977720399525, 0.1558999501338727, 0.31426088013400466, 0.04033076990492457, 0.027918346685954054, 0.05285277473686156, 0.12445404956206385, 0.012904242797098009, 0.04266993334539049},
                    {0.08383852669543945, 0.10208432282229973, 0.04254169043008882, 0.013472944023424915, 0.1425559599316052, 0.1524164005001588, 0.10785202380499115, 0.041001873668850886, 0.2641595213423591, 0.05007673678078195}
            };
}
