package utils.weights;

/**
 * Provides 100 pre-defined 3D normalized weight vectors drawn from a uniform distribution.
 *
 * @author MTomczyk
 */
public class Weights3D
{
    /**
     * Weight vectors.
     */
    public static final double[][] _data = new double[][]
            {
                    {0.15071724896777539, 0.0448254758218215, 0.8044572752104031},
                    {0.08604736131685709, 0.07927802007223372, 0.8346746186109092},
                    {0.276347464076908, 0.4544006793662091, 0.2692518565568829},
                    {0.1444978404687116, 0.7328016654938457, 0.12270049403744265},
                    {0.7428038623074215, 0.05946198326487373, 0.1977341544277048},
                    {0.007868637324814354, 0.9058547032813218, 0.08627665939386386},
                    {0.11374688233772967, 0.7569489885034696, 0.12930412915880074},
                    {0.8095718879296466, 0.005380030089014554, 0.18504808198133882},
                    {0.7130729878942585, 0.2098397310012594, 0.07708728110448204},
                    {0.5549963654246494, 0.2301434693602329, 0.21486016521511775},
                    {0.4068192901713782, 0.5605617820915593, 0.03261892773706254},
                    {0.5059826611363066, 0.026765406462630592, 0.4672519324010628},
                    {0.7548897408045326, 0.10323393303641004, 0.14187632615905732},
                    {0.008644160012891922, 0.7401423080332047, 0.2512135319539034},
                    {0.5861925324527847, 0.37305187316418154, 0.04075559438303378},
                    {0.620960418936772, 0.18365042839157908, 0.1953891526716489},
                    {0.23470503081925664, 0.5650818811105875, 0.2002130880701558},
                    {0.0011337332612453288, 0.04654328784307249, 0.9523229788956822},
                    {0.3009267642880745, 0.3615430646951232, 0.33753017101680227},
                    {0.26377094256528144, 0.22981392493624897, 0.5064151324984696},
                    {0.5168963313527523, 0.12385727372682387, 0.3592463949204239},
                    {0.26988668829186413, 0.45333845009663665, 0.2767748616114992},
                    {0.008024450846062958, 0.6034510899893114, 0.38852445916462564},
                    {0.1666896053628636, 0.5812199400176056, 0.25209045461953083},
                    {0.19279684041050205, 0.02744453249640577, 0.7797586270930922},
                    {0.18593503995478167, 0.28419248122751595, 0.5298724788177024},
                    {0.0878600937157803, 0.06792724165528763, 0.8442126646289321},
                    {0.26172220052090334, 0.29732812253558416, 0.4409496769435125},
                    {0.11813336654362927, 0.5164883377013498, 0.3653782957550209},
                    {0.24522990670046907, 0.2127773525094212, 0.5419927407901097},
                    {0.5936886519195044, 0.396640563057742, 0.009670785022753647},
                    {0.5574027577783615, 0.0017453404402367756, 0.44085190178140177},
                    {0.30524015207289723, 0.31994710801247694, 0.3748127399146258},
                    {0.31177899169151735, 0.6458138575599426, 0.04240715074854007},
                    {0.05601316776942322, 0.1755231525310188, 0.768463679699558},
                    {0.7584339951668593, 0.15663808059599138, 0.08492792423714934},
                    {0.22310312858181935, 0.3697519715892763, 0.40714489982890434},
                    {0.5416806619613891, 0.0931037809585259, 0.365215557080085},
                    {0.41001059982282884, 0.1578382448328478, 0.43215115534432336},
                    {0.16293763320134302, 0.277117311645409, 0.559945055153248},
                    {0.5694611266896759, 0.1604116868736163, 0.27012718643670786},
                    {0.30010620704485436, 0.2858613584863189, 0.41403243446882676},
                    {0.2944218719870346, 0.27550093926661123, 0.43007718874635414},
                    {0.8492510619635827, 0.026005140314436126, 0.12474379772198119},
                    {0.7306541452357038, 0.12934839280991306, 0.13999746195438312},
                    {0.2588030058086438, 0.19574211674446163, 0.5454548774468946},
                    {0.01751511517114812, 0.9489978859838052, 0.03348699884504669},
                    {0.5012638264249767, 0.057536209467132116, 0.4411999641078912},
                    {0.06306099779579222, 0.8142910800358187, 0.12264792216838905},
                    {0.46456941617472125, 0.5056872744617741, 0.029743309363504666},
                    {0.3865456302029574, 0.5077961744382036, 0.10565819535883902},
                    {0.6984734602821561, 0.2901911154914284, 0.011335424226415536},
                    {0.06671689818337256, 0.31553360359069593, 0.6177494982259315},
                    {0.18426598053140597, 0.2620178840592863, 0.5537161354093078},
                    {0.6973017746777915, 0.25041116376671757, 0.0522870615554909},
                    {0.13385822145151816, 0.3132708874723803, 0.5528708910761015},
                    {0.11991412924937539, 0.6501971406135092, 0.22988873013711542},
                    {0.9238702668023311, 0.01744524925597357, 0.05868448394169534},
                    {0.36653259375254355, 0.014693258494702377, 0.6187741477527541},
                    {0.3931707017548529, 0.4029462789456406, 0.20388301929950647},
                    {0.1937626787175446, 0.6683224930837696, 0.13791482819868583},
                    {0.3190527319813672, 0.013816163424051342, 0.6671311045945815},
                    {0.45722608735498005, 0.1233403619509903, 0.41943355069402966},
                    {0.6783556034074072, 0.2832054021430108, 0.03843899444958199},
                    {0.012381704731844967, 0.04168396098942884, 0.9459343342787262},
                    {0.35700119257035734, 0.6188833397747247, 0.02411546765491801},
                    {0.016687894687135274, 0.9416421153898792, 0.04166998992298554},
                    {0.39051440331101983, 0.4095578630824154, 0.1999277336065648},
                    {0.5444514577818769, 0.2422863413118277, 0.21326220090629544},
                    {0.5441434564810392, 0.35409406625624673, 0.10176247726271404},
                    {0.7192043382597954, 0.03703050161158916, 0.2437651601286155},
                    {0.40711410155680894, 0.27166315045951184, 0.3212227479836792},
                    {0.9348093287696713, 0.0409450037153537, 0.024245667514975033},
                    {0.3230632315195542, 0.37308003558401925, 0.30385673289642656},
                    {0.8662609651054309, 0.08600542299157421, 0.047733611902994855},
                    {0.09411304557281563, 0.4971810032797426, 0.4087059511474418},
                    {0.006625992452421792, 0.059345152319299155, 0.934028855228279},
                    {0.5603827205251707, 0.15809536445191097, 0.28152191502291835},
                    {0.11798299500753584, 0.005238422495567718, 0.8767785824968964},
                    {0.27655882684284383, 0.13225257493208287, 0.5911885982250733},
                    {0.6687347165845207, 0.006785279269880151, 0.3244800041455992},
                    {0.08186984490187854, 0.7995488982601657, 0.11858125683795573},
                    {0.9107513580387404, 0.02217909517655481, 0.06706954678470478},
                    {0.6110630453944171, 0.010067389843249175, 0.3788695647623337},
                    {0.30957015671806676, 0.6380196239651255, 0.05241021931680778},
                    {0.6629209402823069, 0.20699564184151198, 0.13008341787618116},
                    {0.3161458183486442, 0.34661806468704925, 0.33723611696430655},
                    {0.07382062975766168, 0.3717454437604534, 0.5544339264818849},
                    {0.03018004188121126, 0.698461112285352, 0.2713588458334367},
                    {0.9338118815115387, 0.018985925875857013, 0.04720219261260428},
                    {0.7925392307708811, 0.14769069508048338, 0.059770074148635555},
                    {0.16059558810022478, 0.1058829465156036, 0.7335214653841716},
                    {0.012795932434869539, 0.27097959495877955, 0.7162244726063509},
                    {0.5032190374196386, 0.20588756640096584, 0.2908933961793956},
                    {0.2464243582542317, 0.006602199612388726, 0.7469734421333796},
                    {0.5052046977000367, 0.3110320562466773, 0.18376324605328598},
                    {0.40861859845222104, 0.3453120731286532, 0.24606932841912577},
                    {0.03716051932227715, 0.49641141248680476, 0.4664280681909181},
                    {0.19820272346127787, 0.20698283877240709, 0.594814437766315},
                    {0.3401777830282269, 0.3513927680892851, 0.308429448882488}
            };
}
